1665475753.62525 39.0518191210395 115.918423134958 3.10302052367479 
1665475753.82532 39.0518169948311 115.918408606009 3.06712108291686 
1665475754.02523 39.0518148419248 115.918394157716 3.02153464127332 
1665475754.2253 39.0518129322038 115.918379853866 3.02114418707788 
1665475754.42529 39.0518111865837 115.918365418843 3.00995923671871 
1665475754.62532 39.0518058791214 115.918345082918 3.00203723832965 
1665475754.8253 39.0518009727372 115.918324672926 2.98617154639214 
1665475755.02526 39.0517959585846 115.918304439324 2.97007459495217 
1665475755.12531 39.0517932945487 115.918293238988 2.96846544276923 
1665475755.22542 39.0517905981689 115.918282233885 2.95727085880935 
1665475755.32548 39.0517880625845 115.918271222638 2.94292691815645 
1665475755.52546 39.0517830001543 115.918249854056 2.93061460740864 
1665475755.72567 39.0517779278957 115.918228495266 2.89958115946501 
1665475755.92586 39.0517729291699 115.918206933906 2.87855717167258 
1665475756.02582 39.0517705161506 115.918196186005 2.88348489254713 
1665475756.12589 39.0517680364165 115.918185487431 2.88942645769566 
1665475756.22585 39.0517654393634 115.918174741328 2.87995080277324 
1665475756.32584 39.0517622375452 115.918162711904 2.85655681882054 
1665475756.42583 39.0517592565465 115.918150369507 2.85065091680735 
1665475756.52586 39.0517563773988 115.918138469616 2.8446341175586 
1665475756.62582 39.0517535922365 115.918126878331 2.82310324441642 
1665475756.72571 39.0517508981173 115.918115673329 2.82391964737326 
1665475756.82587 39.0517481599675 115.918104740285 2.8090447448194 
1665475757.0258 39.0517429597389 115.918082817881 2.75376501493156 
1665475757.22572 39.0517379006916 115.918061233374 2.75342270638794 
1665475757.42566 39.0517327365889 115.918039288281 2.72755407728255 
1665475757.62557 39.0517277995605 115.918017382861 2.70821626111865 
1665475757.82542 39.0517228721555 115.917995746861 2.700460113585 
1665475758.02521 39.0517179621609 115.917974129368 2.68483705446124 
1665475758.22489 39.0517130266839 115.91795245611 2.66374726686627 
1665475758.42597 39.0517082254878 115.917930613904 2.65013842191547 
1665475758.62617 39.0517048486026 115.917910566556 2.59485046006739 
1665475758.82598 39.0517007096434 115.917889984051 2.56405852921307 
1665475759.0263 39.0516967720263 115.917869554775 2.5899632172659 
1665475759.12599 39.0516942261971 115.917857812692 2.56017536390573 
1665475759.22598 39.0516914706213 115.917845987972 2.54157409165055 
1665475759.32594 39.051688643325 115.917834224434 2.53641180694103 
1665475759.42586 39.0516860579481 115.917822827488 2.53253994788975 
1665475759.62585 39.0516815185649 115.917800897631 2.52992526162416 
1665475759.82588 39.0516774290771 115.917779217662 2.50649110414088 
1665475760.02602 39.0516734284895 115.917757485312 2.47516248375177 
1665475760.22598 39.0516696371212 115.917735703093 2.47465168777853 
1665475760.42588 39.0516660895139 115.917714183938 2.47027725819498 
1665475760.62602 39.0516622707229 115.917692519907 2.45122384279966 
1665475760.8259 39.0516586292475 115.917671185674 2.42998575326055 
1665475761.0255 39.0516551208553 115.917650663235 2.37893831543624 
1665475761.22568 39.051651105364 115.917631376118 2.38399253692478 
1665475761.42503 39.0516471936392 115.91761017684 2.37997275590897 
1665475761.62542 39.0516440358308 115.917591571046 2.33644063770771 
1665475761.82535 39.0516406445775 115.917572820814 2.3199478937313 
1665475762.02503 39.0516379980949 115.917553237945 2.32266874052584 
1665475762.22496 39.051635736214 115.91753387881 2.3000413896516 
1665475762.42486 39.0516329199033 115.91751612632 2.2551003722474 
1665475762.62513 39.0516302237276 115.917498554723 2.23490229435265 
1665475762.82511 39.0516275332529 115.917481623539 2.22314187418669 
1665475763.02496 39.0516250710717 115.917465314846 2.21176469326019 
1665475763.22484 39.0516227817655 115.917449638255 2.21765992883593 
1665475763.42522 39.0516204728961 115.917434682149 2.20994430873543 
1665475763.72527 39.0516176933741 115.917419520027 2.17095049191266 
1665475764.02518 39.0516149298208 115.917401354896 2.16867389064282 
1665475764.22502 39.0516121764521 115.917387270916 2.16323399823159 
1665475764.42523 39.0516090472668 115.91737365392 2.15000692382455 
1665475764.7252 39.0516077551957 115.91735689394 2.1256386982277 
1665475765.02544 39.0516046697182 115.917340779538 2.11060666013509 
1665475765.32566 39.0516014954646 115.917325602438 2.09516083355993 
1665475765.62581 39.0515981133851 115.917311778245 2.09486857522279 
1665475766.0261 39.0515938143537 115.917295951619 2.08080203086138 
1665475766.42626 39.0515899689186 115.917282126828 2.06003800872713 
1665475766.92631 39.0515865102937 115.917270963318 2.03022247646004 
1665475767.52559 39.0515820109964 115.917259246209 2.03077331930399 
1665475768.22613 39.0515767185264 115.917247355776 2.04015104845166 
1665475768.92597 39.0515715492177 115.917236230714 2.03499729093164 
1665475769.62589 39.0515657276608 115.917225383978 2.01631912682205 
1665475770.22586 39.0515596168617 115.91721549874 2.03422936145216 
1665475770.72553 39.0515528696818 115.917206836146 2.02530389465392 
1665475771.22621 39.0515441936186 115.917198179575 2.0099880117923 
1665475771.6263 39.0515355733992 115.917192697459 2.03513274341822 
1665475772.02575 39.0515262626082 115.917186828363 2.01074280031025 
1665475772.42556 39.0515160986238 115.917182037135 1.99776063393801 
1665475772.82548 39.0515051964185 115.9171785575 1.98416727688164 
1665475773.22504 39.0514941254852 115.917176348926 1.95174888707697 
1665475773.62487 39.0514831400226 115.917175302447 1.9199895625934 
1665475774.02557 39.0514707383609 115.917176042391 1.98377783037722 
1665475774.42581 39.0514592915313 115.917177285712 1.95313129108399 
1665475774.82591 39.0514484447343 115.917178792861 1.92035450972617 
1665475775.22603 39.0514380076139 115.917180732953 1.88189433049411 
1665475775.7256 39.0514259420308 115.917182918928 1.86001923680305 
1665475776.32539 39.0514146642709 115.917184098302 1.85066195949912 
1665475776.82511 39.0514037384878 115.917186326308 1.83341235294938 
1665475777.32475 39.0513931797032 115.917188513985 1.81906725373119 
1665475777.82503 39.0513834076341 115.917190813782 1.78761727456003 
1665475778.42497 39.0513731695778 115.917193507745 1.77732628583908 
1665475779.02506 39.0513639435673 115.9171959735 1.74619406275451 
1665475779.72453 39.05135485929 115.917199166334 1.74543359968811 
1665475780.52522 39.0513460750203 115.917204403717 1.73530693724751 
1665475781.52528 39.0513371289683 115.917211176227 1.71282424405217 
1665475782.42527 39.0513305612204 115.917221075674 1.6801501121372 
1665475784.02568 39.0513276057551 115.917232985164 1.70245087146759 
1665475785.52507 39.0513244597242 115.917244984078 1.64722394663841 
1665475786.52585 39.051322884869 115.917257372864 1.65652940887958 
1665475787.42595 39.0513217928274 115.917271176038 1.68347505200654 
1665475788.22616 39.0513206964109 115.917283667605 1.69536238443106 
1665475789.02585 39.0513191330131 115.91729734594 1.70980039518327 
1665475789.72595 39.0513184550983 115.917308584598 1.90520326513797 
1665475790.42594 39.0513186123378 115.917319906738 1.90474123228341 
1665475791.12601 39.0513189486617 115.917332407482 1.85139466729015 
1665475791.72569 39.0513199660163 115.917343341133 1.82248543482274 
1665475792.32489 39.0513216358065 115.917354940534 1.80780020542443 
1665475792.82542 39.0513229357005 115.917366036508 1.78001282457262 
1665475793.32504 39.0513252773119 115.917379403092 1.94798364304006 
1665475793.72482 39.051327830421 115.917392469974 1.8787066731602 
1665475794.12493 39.051330682876 115.917407143133 1.84264529123902 
1665475794.42493 39.0513329725311 115.917418823656 1.81728072930127 
1665475794.72543 39.0513356779579 115.917430342051 1.79902162402868 
1665475795.02509 39.0513381951221 115.917442307163 1.77975594159216 
1665475795.3248 39.0513398140579 115.91745384695 1.9362606536597 
1665475795.62498 39.0513421261903 115.917464682265 2.00368363503367 
1665475795.92467 39.0513449047984 115.917475668 1.99327605590224 
1665475796.2252 39.0513473699602 115.917487268566 1.92079216614366 
1665475796.52489 39.0513503672165 115.917498868046 1.85165356844664 
1665475796.82504 39.0513534539519 115.917511004919 1.79033517371863 
1665475797.12507 39.051357128253 115.917525294245 1.87380546703935 
1665475797.42472 39.0513601471925 115.917539395329 1.90018422342837 
1665475797.72509 39.0513628203065 115.917553594284 1.92239316459745 
1665475798.02493 39.0513653600947 115.917567956995 1.92036132607609 
1665475798.32509 39.0513678998648 115.917582302588 1.90662691462785 
1665475798.62513 39.0513703650674 115.917596211535 1.9028197741136 
1665475798.92507 39.0513728372023 115.917610251329 1.90603771060705 
1665475799.22517 39.051375273292 115.917624234797 1.92108341678977 
1665475799.52477 39.0513775031297 115.917637819184 1.92530551552773 
1665475799.82557 39.051379493871 115.917651066794 1.90405771322548 
1665475800.12583 39.0513815706613 115.917663788104 1.90858507249504 
1665475800.42556 39.0513837471608 115.917675954454 1.9212143169716 
1665475800.82506 39.0513864290544 115.917691259846 1.94147598091513 
1665475801.22505 39.0513893474879 115.917706155986 1.95323992613703 
1665475801.6252 39.0513925831739 115.917720426782 1.95223457086831 
1665475802.02499 39.0513953770411 115.917733646572 1.95243086200207 
1665475802.42499 39.0513981027746 115.917746384857 1.97615809645504 
1665475802.82507 39.0514008890759 115.91775796313 2.02853663079441 
1665475803.22477 39.0514030487856 115.91777037766 1.94998314604163 
1665475803.62574 39.0514048875879 115.917782366513 1.90390318259597 
1665475804.02572 39.0514070998375 115.917793314012 1.9288152018562 
1665475804.5259 39.0514101220482 115.917806688189 1.9276039628312 
1665475804.92592 39.0514126288351 115.917818935188 1.9661263898015 
1665475805.32576 39.0514152864663 115.917831867575 1.94574248511344 
1665475805.72578 39.0514179750526 115.917845204161 1.96482822392136 
1665475806.12562 39.0514207623843 115.917859137707 1.97455452661961 
1665475806.52599 39.0514237215033 115.917873542242 1.9688634686172 
1665475806.82597 39.0514259266885 115.917884838583 1.94995649904013 
1665475807.2261 39.051429901515 115.917899868485 1.87342063523829 
1665475807.52589 39.0514317221948 115.91791250989 1.90794320497662 
1665475807.8257 39.0514333079247 115.917926332319 1.87590538151562 
1665475808.12568 39.0514352942536 115.917939814074 1.87133214902133 
1665475808.42575 39.0514373818289 115.917953481774 1.87004043441266 
1665475808.72553 39.0514374383855 115.917968618046 1.88035869970918 
1665475809.02532 39.0514405145765 115.917982253282 1.88265692256391 
1665475809.32534 39.0514446786692 115.91799530893 1.87945693451911 
1665475809.62535 39.0514490707927 115.918008649578 1.85024969093502 
1665475809.92554 39.0514534256505 115.918022234198 1.83970698807389 
1665475810.22572 39.0514580757245 115.918036313113 1.79400448780507 
1665475810.52555 39.0514626476488 115.918050450487 1.80593323800713 
1665475810.82538 39.0514673424789 115.918065155203 1.76289352588356 
1665475811.12529 39.0514721965057 115.918080496103 1.70768820960075 
1665475811.42529 39.0514765732874 115.918096188212 1.67695890646428 
1665475811.7253 39.0514806518491 115.918112354691 1.61044493317604 
1665475811.92504 39.0514833838471 115.918123236555 1.571632954292 
1665475812.12507 39.0514861036686 115.918134473495 1.52786749880761 
1665475812.32513 39.051488690939 115.91814580438 1.49536022450775 
1665475812.52517 39.0514910563981 115.918157208306 1.45367080997676 
1665475812.72514 39.0514935375125 115.918168827492 1.41156670823693 
1665475812.92495 39.0514959681818 115.918180529894 1.3608771301806 
1665475813.12484 39.0514983223298 115.918192512813 1.32430422026664 
1665475813.32494 39.0515007429671 115.918204494465 1.28982050996274 
1665475813.52504 39.0515031426968 115.918216641176 1.25264875311404 
1665475813.72499 39.0515054787031 115.918228905786 1.2066066339612 
1665475813.92495 39.0515078142604 115.918241268204 1.15132326632738 
1665475814.12501 39.051510280725 115.918253347662 1.11155356746167 
1665475814.32484 39.0515126887492 115.91826563738 1.0691144047305 
1665475814.5252 39.0515151022553 115.918277985981 1.02103122137487 
1665475814.72494 39.0515175539811 115.918290494127 0.985070181079209 
1665475814.92531 39.0515200324273 115.918302895445 0.939886114560068 
1665475815.12541 39.051522717085 115.918315403536 0.889283320866525 
1665475815.32525 39.0515253665726 115.918327941826 0.853143382817507 
1665475815.52543 39.0515279613309 115.918340595128 0.790861332789063 
1665475815.72526 39.0515305876033 115.918353258979 0.739582345820963 
1665475815.92524 39.0515333935478 115.91836576603 0.70118382293731 
1665475816.12572 39.0515362103513 115.918378404378 0.672852556221187 
1665475816.3259 39.0515392757109 115.918391109098 0.598384181037545 
1665475816.52606 39.0515423654964 115.918403814176 0.575455519370735 
1665475816.72594 39.0515455456264 115.918416688125 0.53919365350157 
1665475816.92572 39.0515485832496 115.918429187511 0.492512483149767 
1665475817.12572 39.0515518233262 115.918441782732 0.42995123192668 
1665475817.32598 39.0515552929385 115.918455531129 0.405468873679638 
1665475817.52636 39.0515590451166 115.918469441259 0.352607040666044 
1665475817.72605 39.0515628366514 115.918483044451 0.310533688403666 
1665475817.92599 39.0515668237689 115.91849679847 0.251494460739195 
1665475818.12581 39.0515708883662 115.918510430419 0.200017053633928 
1665475818.32574 39.0515739217832 115.918523645817 0.169667305424809 
1665475818.52576 39.0515769453556 115.918536408811 0.133149365894496 
1665475818.72596 39.051580356468 115.918549422359 0.0822707256302238 
1665475818.92588 39.0515838358147 115.918562004865 0.0381112657487392 
1665475819.12591 39.0515875003561 115.91857470111 -0.016750774346292 
1665475819.32581 39.0515909532444 115.918587337913 -0.0508356159552932 
1665475819.52557 39.0515943904413 115.918600210655 -0.106393910944462 
1665475819.72564 39.051597961355 115.918613453168 -0.159470079466701 
1665475819.92553 39.0516017764406 115.918626995732 -0.210675038397312 
1665475820.12545 39.0516054580482 115.918640517288 -0.275523466989398 
1665475820.32536 39.0516090392642 115.918654186274 -0.322054536081851 
1665475820.52541 39.0516127996745 115.918667878191 -0.362861395813525 
1665475820.72532 39.0516167235748 115.918681141224 -0.414329124614596 
1665475820.92519 39.0516206401577 115.918694895478 -0.469408066011965 
1665475821.12518 39.0516242980462 115.918708799812 -0.51998205948621 
1665475821.32503 39.0516290947156 115.918721352747 -0.541140172630548 
1665475821.52484 39.0516339596764 115.918733919075 -0.561211043968797 
1665475821.72484 39.0516381290239 115.918746927288 -0.596932050772011 
1665475821.92502 39.051641884638 115.918759831318 -0.632338452152908 
1665475822.12485 39.0516459520452 115.918772846782 -0.703036186285317 
1665475822.32498 39.0516501235821 115.918785886664 -0.777479778975248 
1665475822.525 39.0516544015212 115.918799133718 -0.804605889134109 
1665475822.72494 39.0516588017003 115.918811963877 -0.858716952614486 
1665475822.925 39.0516631825581 115.918824631907 -0.90984252654016 
1665475823.12503 39.0516675740627 115.918837347899 -0.948378292843699 
1665475823.32506 39.0516722214271 115.91884995411 -0.987258678302169 
1665475823.52514 39.0516770239695 115.918862244979 -1.02592298295349 
1665475823.7253 39.0516817299202 115.918874515052 -1.06266829092056 
1665475823.92542 39.0516866423961 115.918886701395 -1.10344538278878 
1665475824.1255 39.0516917986858 115.918898709831 -1.1503371456638 
1665475824.32552 39.0516967906517 115.918910553366 -1.18403788469732 
1665475824.52566 39.0517018026908 115.918922341824 -1.22817074414343 
1665475824.72573 39.0517070074663 115.918933775841 -1.25711001642048 
1665475824.92586 39.0517122371235 115.918944978384 -1.29731885623187 
1665475825.12594 39.0517175727131 115.918956268811 -1.36554685048759 
1665475825.32613 39.0517228789134 115.918967413322 -1.42504461761564 
1665475825.52617 39.0517283155869 115.918978516171 -1.47196824569255 
1665475825.72628 39.0517337581494 115.918989338107 -1.52708059363067 
1665475825.92599 39.0517393012659 115.919000171042 -1.57610577810556 
1665475826.1261 39.0517448234883 115.919010746838 -1.61287254281342 
1665475826.326 39.0517505348477 115.91902140175 -1.64933128841221 
1665475826.52621 39.051756106582 115.919031962157 -1.68669499643147 
1665475826.72623 39.0517618374151 115.919042586594 -1.72543061058968 
1665475826.92622 39.0517676216131 115.919053037875 -1.76233654934913 
1665475827.12631 39.0517732139372 115.919063282845 -1.81013733148575 
1665475827.3261 39.0517786350678 115.919073592438 -1.82872671913356 
1665475827.52609 39.0517840822031 115.919083557278 -1.85278365854174 
1665475827.7263 39.0517897794864 115.919093642695 -1.88853962067515 
1665475827.92594 39.0517953349342 115.919103647779 -1.91640228964388 
1665475828.12607 39.0518007789015 115.919113622242 -1.93680768273771 
1665475828.32613 39.051806321976 115.919123453942 -1.95970991067588 
1665475828.52629 39.0518120420553 115.919133436395 -2.00462254043669 
1665475828.7261 39.0518176890467 115.919143409846 -2.04209289513528 
1665475828.9263 39.0518229897161 115.919152900318 -2.02397419326007 
1665475829.12588 39.0518284803712 115.919162459424 -2.0515144392848 
1665475829.32603 39.0518340871943 115.919172055809 -2.1019035121426 
1665475829.52605 39.0518395582052 115.919181722866 -2.12471067346632 
1665475829.72616 39.0518450821607 115.919191384803 -2.13787135109305 
1665475829.92617 39.0518506909132 115.919200972712 -2.17468654271215 
1665475830.12604 39.0518563860248 115.919210533862 -2.1934185102582 
1665475830.32626 39.0518619631987 115.919219995474 -2.21395435370505 
1665475830.52595 39.0518675770506 115.919229467118 -2.25104935187846 
1665475830.72591 39.0518731540668 115.919238739869 -2.26917416974902 
1665475830.92576 39.0518788546599 115.919248176923 -2.29406691342592 
1665475831.12597 39.0518845415845 115.91925777576 -2.34460076503456 
1665475831.32612 39.0518902154988 115.919267580593 -2.37928447593004 
1665475831.52607 39.0518960380763 115.919277212615 -2.40884812828153 
1665475831.7262 39.0519018059711 115.919286696047 -2.4379483545199 
1665475831.92633 39.0519073934085 115.919296570796 -2.46986733563244 
1665475832.12619 39.0519129230382 115.91930637649 -2.5043879467994 
1665475832.32616 39.0519188537403 115.919316090946 -2.553755893372 
1665475832.52624 39.0519247032221 115.919326119064 -2.5750458072871 
1665475832.72595 39.0519302632993 115.91933631878 -2.61216699145734 
1665475832.92597 39.0519357838016 115.919346257167 -2.64141867496073 
1665475833.12611 39.0519415482757 115.919356485707 -2.67536836583167 
1665475833.32633 39.0519471179848 115.919366827562 -2.72041560523212 
1665475833.5259 39.0519526231609 115.919377184309 -2.76120249740779 
1665475833.72596 39.0519581610925 115.919387730852 -2.78079320769757 
1665475833.92594 39.0519635098458 115.919398276791 -2.82179517298937 
1665475834.12598 39.0519688100828 115.919408684471 -2.87150453496724 
1665475834.3262 39.0519743820218 115.919419400603 -2.91823311522603 
1665475834.52624 39.0519797775828 115.919430163462 -2.95255916193128 
1665475834.72626 39.0519847806819 115.919440974208 -3.00058695208281 
1665475834.9259 39.0519897089268 115.919451769966 -3.05268708150834 
1665475835.12596 39.0519947306449 115.919462500381 -3.06575890351087 
1665475835.32593 39.0519997676015 115.919473634452 -3.11310792900622 
1665475835.52597 39.0520044158774 115.919484550407 -3.17404376063496 
1665475835.72594 39.0520092464706 115.919496038869 -3.18870451115072 
1665475835.92595 39.0520139832218 115.91950724716 -3.2071409067139 
1665475836.12594 39.0520185910814 115.9195186447 -3.2799913296476 
1665475836.32588 39.0520232259899 115.919530071276 -3.3426344897598 
1665475836.52596 39.0520278076161 115.919541323145 -3.37884570751339 
1665475836.72602 39.0520322923436 115.919552580343 -3.40537379123271 
1665475836.92594 39.0520365573885 115.919563764794 -3.44755116477609 
1665475837.12604 39.0520407385392 115.919575061556 -3.49503042548895 
1665475837.32615 39.0520449144473 115.919586255355 -3.53200485277921 
1665475837.52634 39.0520491557112 115.919597609002 -3.56776396092027 
1665475837.72622 39.0520531911363 115.919609079549 -3.61434842739254 
1665475837.92616 39.0520571495694 115.919620317807 -3.64835261460394 
1665475838.1262 39.0520611684427 115.919631513125 -3.69457456097007 
1665475838.32618 39.0520651496136 115.919642621013 -3.73997231014073 
1665475838.52616 39.0520689467338 115.919653679766 -3.78556493669748 
1665475838.72625 39.0520729012622 115.919664802428 -3.83431054465473 
1665475838.92629 39.052076746316 115.919675661497 -3.89256528485566 
1665475839.12581 39.0520805480544 115.919686638701 -3.91893632337451 
1665475839.32573 39.0520841567799 115.919697380836 -3.9628541758284 
1665475839.52581 39.052087882739 115.919708186488 -4.01157774217427 
1665475839.72598 39.0520916074927 115.919719070776 -4.05628118570894 
1665475839.92627 39.0520951723132 115.919729959695 -4.10059920139611 
1665475840.12575 39.0520987223 115.919740770272 -4.13777711894363 
1665475840.3257 39.0521024236276 115.919751514081 -4.1637761881575 
1665475840.62575 39.0521075990843 115.919767580381 -4.19833455141634 
1665475840.8257 39.052111027657 115.919778428849 -4.24131672084332 
1665475841.02591 39.052114698826 115.91978935186 -4.29242500569671 
1665475841.22581 39.0521183399697 115.919800203098 -4.34013484884053 
1665475841.42598 39.0521216025872 115.919811159851 -4.38114564213902 
1665475841.62621 39.0521249284255 115.919821930726 -4.43179345317185 
1665475841.92603 39.0521299576909 115.919837984573 -4.4697762010619 
1665475842.12618 39.0521332668004 115.919848815309 -4.50608580932021 
1665475842.32613 39.0521363813382 115.919859802412 -4.53793432284147 
1665475842.62605 39.0521409453226 115.919875910509 -4.56678571738303 
1665475842.92624 39.0521457492257 115.91989171481 -4.6112120738253 
1665475843.2261 39.0521501196068 115.919907802566 -4.66625262703747 
1665475843.52603 39.0521547191507 115.91992380737 -4.69619396235794 
1665475843.82634 39.052158888475 115.919939263633 -4.72462690249085 
1665475844.12606 39.0521626712335 115.919954936137 -4.76552841626108 
1665475844.42618 39.0521668368171 115.919970496173 -4.78990035504103 
1665475844.72619 39.0521706622677 115.91998640753 -4.86142424959689 
1665475845.02587 39.0521748113069 115.92000225803 -4.88245385140181 
1665475845.32583 39.0521791235564 115.920017881812 -4.89698508009315 
1665475845.62568 39.052183167043 115.920034181108 -4.92873134464025 
1665475845.82578 39.052186166358 115.920045115478 -4.95493680611253 
1665475846.02578 39.0521891898351 115.920056011182 -4.98659222293645 
1665475846.22584 39.0521920465261 115.92006710672 -5.01205357071012 
1665475846.42588 39.0521948357365 115.920078165825 -5.01194628514349 
1665475846.62575 39.0521977844795 115.920089156167 -5.02405202854425 
1665475846.82566 39.0522007445423 115.920100128884 -5.04511534608901 
1665475847.02559 39.0522035702774 115.920111333309 -5.04379903897643 
1665475847.22568 39.0522064273854 115.920122493441 -5.07690220884979 
1665475847.42552 39.0522093599036 115.920133416477 -5.08765914291143 
1665475847.62535 39.0522123377351 115.920144567562 -5.07219949737191 
1665475847.82528 39.0522151269138 115.920155588496 -5.08715777099133 
1665475848.02528 39.0522178892781 115.920166719192 -5.11113763973117 
1665475848.22527 39.0522208028168 115.920177995537 -5.12276302278042 
1665475848.42525 39.0522237779127 115.920189101942 -5.14550429303199 
1665475848.62519 39.0522266437093 115.920200132173 -5.17493811715394 
1665475848.82525 39.0522294557515 115.920211281335 -5.18830155394971 
1665475849.12508 39.0522336472508 115.920227640812 -5.19684600364417 
1665475849.42502 39.0522377672152 115.92024406581 -5.22466467227787 
1665475849.72492 39.0522418695963 115.920260505698 -5.23203022498637 
1665475850.02497 39.0522459667575 115.92027682127 -5.24643275514245 
1665475850.32487 39.0522498443024 115.920293076913 -5.26991844177246 
1665475850.62487 39.0522536889754 115.920309246825 -5.2836332982406 
1665475850.92486 39.052257514099 115.920325770075 -5.30438166391104 
1665475851.12495 39.0522601259816 115.920337008736 -5.31263490021229 
1665475851.32486 39.0522627394605 115.920348344463 -5.32388829346746 
1665475851.52485 39.0522652657301 115.920359870049 -5.33665359020233 
1665475851.72484 39.0522678351344 115.920371547649 -5.34959865547717 
1665475851.92486 39.0522703287676 115.920383214369 -5.34316985495389 
1665475852.12488 39.05227279091 115.920394930232 -5.35243425704539 
1665475852.32525 39.0522752255705 115.920406768106 -5.37027614936233 
1665475852.52531 39.052277637399 115.920418371551 -5.3785362392664 
1665475852.7254 39.0522799625751 115.920430072059 -5.38281717151403 
1665475852.92552 39.0522821902841 115.920441932093 -5.39486832823604 
1665475853.1255 39.052284437866 115.920453652987 -5.40128324180841 
1665475853.32551 39.0522867452228 115.920465192743 -5.39008040912449 
1665475853.52554 39.0522889348441 115.920476834636 -5.39628297463059 
1665475853.72557 39.0522909554544 115.920488383058 -5.39712536986917 
1665475853.92569 39.0522930085424 115.920499964393 -5.40320435538888 
1665475854.12563 39.0522950516325 115.920511500859 -5.40330687724054 
1665475854.4257 39.0522979659526 115.920528426557 -5.38750121183693 
1665475854.72588 39.0523005735866 115.920545146745 -5.4062554417178 
1665475855.02604 39.0523033100917 115.920561785004 -5.44009575434029 
1665475855.32609 39.0523060054249 115.920578303431 -5.4533845949918 
1665475855.62587 39.0523086843394 115.920594717307 -5.47527629137039 
1665475855.92603 39.0523114677723 115.920611111494 -5.46497779805213 
1665475856.22618 39.0523141902213 115.920627301101 -5.46625778451562 
1665475856.52599 39.052316802655 115.92064323399 -5.46919125691056 
1665475856.82629 39.0523194798211 115.920659435664 -5.49596466496587 
1665475857.12594 39.0523222666525 115.920675831003 -5.52381134405732 
1665475857.4259 39.0523251784879 115.920691633127 -5.52452235389501 
1665475857.72582 39.0523278112869 115.920707572455 -5.52972871623933 
1665475858.02587 39.0523304034241 115.920723186017 -5.54593794140965 
1665475858.32613 39.0523332110677 115.920738688674 -5.54194058664143 
1665475858.62622 39.0523358552675 115.920754058443 -5.55416488926858 
1665475858.92622 39.0523384429988 115.920769290195 -5.56444296985865 
1665475859.22614 39.0523413018328 115.920784017169 -5.59004416037351 
1665475859.52613 39.0523440230139 115.920798248881 -5.60447384417057 
1665475859.82619 39.0523469484691 115.92081195029 -5.60984995122999 
1665475860.12612 39.0523501255821 115.920825103319 -5.61380064301193 
1665475860.42614 39.0523536153959 115.92083756119 -5.6213750988245 
1665475860.7261 39.0523571166556 115.920849522498 -5.62412851676345 
1665475861.02622 39.0523610105045 115.920860713246 -5.6279904441908 
1665475861.32616 39.0523655165801 115.920871046974 -5.64678399357945 
1665475861.72646 39.0523724126617 115.920883291718 -5.63967775925994 
1665475862.12628 39.0523799338925 115.920894289517 -5.6297454778105 
1665475862.52607 39.052388307168 115.920904064007 -5.63231001980603 
1665475862.92604 39.0523982492913 115.92091290778 -5.62591434922069 
1665475863.22606 39.0524067154609 115.920918909679 -5.61599710118026 
1665475863.52601 39.0524160856736 115.920924086665 -5.60344806406647 
1665475863.82602 39.0524262457966 115.920928252904 -5.59509199205786 
1665475864.12601 39.0524370451992 115.920931155227 -5.59050802420825 
1665475864.42611 39.0524484051758 115.920932826446 -5.55745932552963 
1665475864.7261 39.0524601607172 115.920933144023 -5.5296024652198 
1665475865.02601 39.0524722470917 115.920932257761 -5.50086720008403 
1665475865.3259 39.0524844863412 115.920930499955 -5.48210435453802 
1665475865.62578 39.0524970684814 115.920928235468 -5.45001563709229 
1665475865.92599 39.0525098366069 115.920925690895 -5.41863860096782 
1665475866.22599 39.0525230376833 115.920922590292 -5.38896731007844 
1665475866.42606 39.0525319361106 115.92092017255 -5.36714878771454 
1665475866.626 39.0525408433863 115.920917547642 -5.33029146585613 
1665475866.82602 39.0525498627591 115.920914540995 -5.32030846085399 
1665475867.02619 39.0525591062172 115.920911354213 -5.29236475564539 
1665475867.22639 39.0525684154091 115.92090815547 -5.2699028654024 
1665475867.42609 39.0525777092991 115.920904927715 -5.22627659421414 
1665475867.6262 39.0525869839929 115.920901323642 -5.20901944115758 
1665475867.82606 39.0525964757257 115.920897647554 -5.1898737968877 
1665475868.02631 39.0526061361609 115.920893998728 -5.17582093272358 
1665475868.22581 39.0526160589957 115.920890242145 -5.16311714239419 
1665475868.42586 39.05262617224 115.92088621198 -5.16499695647508 
1665475868.62592 39.0526362295976 115.920882187858 -5.1355095487088 
1665475868.82592 39.052646392648 115.920878095685 -5.12081365287304 
1665475869.02618 39.0526568301677 115.920873846598 -5.11018661316484 
1665475869.22614 39.0526675003351 115.920869469617 -5.09169405419379 
1665475869.42609 39.052678099591 115.920865180886 -5.08046892751008 
1665475869.62612 39.0526886917055 115.920861015523 -5.06590289063752 
1665475869.82598 39.0526991979678 115.920856662883 -5.03942722361535 
1665475870.02605 39.052709778786 115.920852336096 -5.03190426621586 
1665475870.22637 39.0527204228504 115.920848164016 -5.02071925066411 
1665475870.42608 39.052731054214 115.920844031076 -5.00418421626091 
1665475870.62625 39.0527416659798 115.920839627498 -4.98582139518112 
1665475870.82601 39.0527524268322 115.920834917428 -4.95923271682113 
1665475871.02626 39.0527634300006 115.92083048975 -4.93809308484197 
1665475871.22607 39.0527744242488 115.920826057733 -4.90590237732977 
1665475871.42625 39.0527854670984 115.920821182872 -4.88361259363592 
1665475871.6259 39.0527967595443 115.920816150612 -4.87969415728003 
1665475871.82599 39.0528081739129 115.9208110999 -4.86881117429584 
1665475872.0263 39.0528195834999 115.920805779762 -4.85947482008487 
1665475872.22612 39.0528309708511 115.920800437911 -4.8375982157886 
1665475872.42615 39.0528425872847 115.92079505441 -4.82953544799238 
1665475872.62625 39.0528544303845 115.920789360376 -4.80610875040293 
1665475872.82589 39.0528662042478 115.920783629617 -4.79311135970056 
1665475873.02607 39.0528780577175 115.920777943659 -4.79087102878839 
1665475873.22594 39.0528899719198 115.920772097909 -4.78964055143297 
1665475873.42588 39.0529019294211 115.9207661622 -4.77808296028525 
1665475873.62592 39.0529139255384 115.920760112407 -4.7670888947323 
1665475873.82591 39.0529258398232 115.920754202138 -4.76141505036503 
1665475874.02589 39.0529378342256 115.920748373056 -4.76175445783883 
1665475874.22598 39.0529497135592 115.920742343956 -4.74904133286327 
1665475874.42595 39.0529616353169 115.92073625529 -4.73784496635199 
1665475874.62605 39.0529736570111 115.920730501323 -4.74596876185387 
1665475874.82607 39.0529858194046 115.920724484103 -4.73152490518987 
1665475875.02606 39.0529978101722 115.920718575921 -4.7098829112947 
1665475875.226 39.0530096819146 115.92071277099 -4.6861911714077 
1665475875.42588 39.0530216576542 115.920706796575 -4.69330993946642 
1665475875.62571 39.053033814616 115.920700805257 -4.68150020577013 
1665475875.82559 39.0530459635876 115.920694881783 -4.64540496468544 
1665475876.02551 39.0530580623185 115.920689043898 -4.63457469828427 
1665475876.22529 39.0530701153443 115.920683186855 -4.6073366580531 
1665475876.42525 39.0530823788873 115.920676997813 -4.61703477893025 
1665475876.62523 39.0530946455128 115.920670846199 -4.61008728854358 
1665475876.82521 39.0531071538242 115.920664592087 -4.6008564401418 
1665475877.02534 39.0531195986568 115.920658311535 -4.5729473317042 
1665475877.22526 39.0531323822764 115.920651965042 -4.57028278429061 
1665475877.42526 39.0531450402904 115.920645593524 -4.56088507268578 
1665475877.62516 39.0531579937221 115.92063896205 -4.545648612082 
1665475877.82502 39.053171089689 115.920632311881 -4.54702132660896 
1665475878.02498 39.0531842624702 115.920625511043 -4.55540274083614 
1665475878.22491 39.0531972624426 115.920618635318 -4.53366294968873 
1665475878.42525 39.0532104874145 115.920611790033 -4.53314745705575 
1665475878.62505 39.0532237724426 115.920604913899 -4.5255461903289 
1665475878.82497 39.053237067722 115.920597885943 -4.48921800218523 
1665475879.02512 39.053250548734 115.920590679389 -4.47236593812704 
1665475879.22513 39.0532641293064 115.920583592435 -4.45507801230997 
1665475879.42516 39.0532775592702 115.920576415064 -4.44108276162297 
1665475879.62531 39.0532911944556 115.920569260102 -4.44788784626871 
1665475879.8253 39.0533050133525 115.920562075471 -4.45981338247657 
1665475880.02539 39.0533186428266 115.920554901397 -4.44636264815927 
1665475880.22531 39.0533322454152 115.920547644338 -4.43802629597485 
1665475880.42527 39.0533462233814 115.920540179641 -4.42042001336813 
1665475880.62531 39.0533601593921 115.920532801679 -4.37859875336289 
1665475880.82533 39.0533742431413 115.920525516643 -4.36719324067235 
1665475881.02553 39.0533886648917 115.920517898084 -4.37682986445725 
1665475881.22541 39.0534029057915 115.920510447743 -4.3631311589852 
1665475881.42543 39.0534173298048 115.920503034764 -4.35162383224815 
1665475881.6254 39.0534319018133 115.920495482727 -4.33997739758343 
1665475881.82539 39.0534466880873 115.920487981063 -4.31834766454995 
1665475882.02563 39.0534614812819 115.920480413265 -4.29505270719528 
1665475882.22556 39.0534763206695 115.920472899604 -4.26001368928701 
1665475882.42567 39.0534913708806 115.920465745143 -4.23684808332473 
1665475882.62565 39.0535064130771 115.920458327979 -4.20862948242575 
1665475882.82595 39.0535213675324 115.920451010333 -4.19517931621522 
1665475883.02611 39.0535364150773 115.920443622586 -4.19084304757416 
1665475883.22623 39.0535514285416 115.920436208894 -4.1734041236341 
1665475883.42607 39.0535663117866 115.920429011492 -4.15788756497204 
1665475883.6261 39.0535812064351 115.920421864338 -4.14382052700967 
1665475883.82616 39.053596277404 115.920414787717 -4.12036219239235 
1665475884.02604 39.0536111773692 115.920407821049 -4.10259385034442 
1665475884.22626 39.0536261071069 115.920400691982 -4.07276451773942 
1665475884.42611 39.053640921282 115.920393747972 -4.06299612484872 
1665475884.62619 39.05365557401 115.920386801236 -4.04673009179533 
1665475884.82621 39.053670188275 115.920380153369 -4.03264306671917 
1665475885.02638 39.0536846769659 115.92037324244 -4.01749561727047 
1665475885.22628 39.0536991173277 115.920366535954 -4.01509780343622 
1665475885.42602 39.0537134823552 115.920360082317 -3.97154859267175 
1665475885.62615 39.0537279509347 115.920353615195 -3.96788043435663 
1665475885.82626 39.0537423614643 115.920347159015 -3.97271680086851 
1665475886.0261 39.053756444864 115.920340912118 -3.94361865147948 
1665475886.22618 39.05377044669 115.920334626194 -3.95049073267728 
1665475886.42621 39.05378441555 115.920328359362 -3.94835043605417 
1665475886.62642 39.0537980446562 115.920322275251 -3.93503334373236 
1665475886.82617 39.0538113741973 115.920316401026 -3.93552625644952 
1665475887.02633 39.0538246474064 115.920310621235 -3.915288599208 
1665475887.2261 39.053837548172 115.920304912911 -3.87678402755409 
1665475887.42635 39.0538502125791 115.920298937489 -3.87062024604529 
1665475887.62619 39.0538627061975 115.920293116256 -3.87332998495549 
1665475887.82607 39.0538748442702 115.920287365538 -3.85746136959642 
1665475888.026 39.0538864902046 115.920281390369 -3.85410131979734 
1665475888.226 39.0538979299052 115.920275651958 -3.84874579869211 
1665475888.42629 39.0539089622839 115.920269960111 -3.84192134067416 
1665475888.62603 39.0539195455659 115.920264177697 -3.8338590329513 
1665475888.82625 39.053930045809 115.920258748953 -3.83665793761611 
1665475889.02625 39.0539401856688 115.920253526491 -3.81676481384784 
1665475889.22604 39.0539498088215 115.920248447545 -3.80597523320466 
1665475889.42614 39.0539589571063 115.92024362553 -3.79037763271481 
1665475889.62607 39.0539677370193 115.920239067154 -3.78257170878351 
1665475889.82609 39.0539761028401 115.920234388522 -3.79372350405902 
1665475890.12594 39.0539879869216 115.920227935273 -3.78124972991645 
1665475890.42598 39.0539989824257 115.92022257351 -3.77001120336354 
1665475890.7265 39.0540091096092 115.920217280779 -3.77259217947721 
1665475891.0261 39.0540183755941 115.92021262126 -3.76707038283348 
1665475891.32642 39.054026879656 115.920208635437 -3.7757611842826 
1665475891.72599 39.0540365624262 115.920203624729 -3.75733673013747 
1665475892.22582 39.0540459069177 115.920198627515 -3.74445510562509 
1665475893.0261 39.0540549458195 115.920193837119 -3.74235399346799 
1665475907.92608 39.0540634875589 115.920188841391 -3.73148374259472 
1665475909.52585 39.0540718427022 115.920183920056 -3.72785321809351 
1665475911.32605 39.0540803620268 115.920178962871 -3.72235554736108 
1665475913.62609 39.0540885366128 115.920174010666 -3.71800305973738 
1665475938.82601 39.0540969943252 115.920168991463 -3.71273919101804 
1665475939.82613 39.054106052332 115.920163568624 -3.71215803734958 
1665475940.42596 39.0541144794294 115.920158344243 -3.70895836409181 
1665475940.92626 39.0541234960739 115.920152644077 -3.6945609068498 
1665475941.3263 39.0541322691931 115.920147235534 -3.70282859168947 
1665475941.72606 39.0541425767197 115.920140797385 -3.70719222724438 
1665475942.02625 39.0541511483231 115.920135616068 -3.70490040257573 
1665475942.32618 39.0541601606522 115.92013021156 -3.68514426983893 
1665475942.62607 39.0541694642941 115.920124585344 -3.68920455314219 
1665475942.92635 39.0541791650788 115.920118847874 -3.68509257771075 
1665475943.22624 39.054189058555 115.920112946923 -3.66326956823468 
1665475943.52587 39.0541992748599 115.920107070967 -3.65752345044166 
1665475943.82591 39.0542097929453 115.920100953382 -3.64113377500325 
1665475944.1259 39.0542206451119 115.92009469571 -3.63618487399071 
1665475944.42607 39.0542318650738 115.92008816382 -3.63682209886611 
1665475944.72609 39.0542433625719 115.920081706916 -3.62885602936149 
1665475945.02603 39.0542550117142 115.920075204861 -3.62447466794401 
1665475945.32603 39.0542667638532 115.920068752608 -3.62942540366203 
1665475945.6259 39.0542788065057 115.920062351947 -3.62069206126034 
1665475945.92572 39.0542911100708 115.920055815469 -3.59809949435294 
1665475946.22574 39.0543036183343 115.920049189334 -3.59595021512359 
1665475946.42605 39.0543122569095 115.920044790886 -3.59689735621214 
1665475946.626 39.0543209602562 115.920040367439 -3.5966777401045 
1665475946.826 39.0543296115904 115.920035943007 -3.59434559009969 
1665475947.026 39.0543384288771 115.920031431513 -3.58676256239414 
1665475947.22601 39.054347306472 115.92002695247 -3.58338552154601 
1665475947.42596 39.0543563874195 115.92002241254 -3.57524801976979 
1665475947.62589 39.0543654682467 115.920017755528 -3.56943000014871 
1665475947.82585 39.0543746365603 115.920013022097 -3.58180082403123 
1665475948.02578 39.054383867712 115.920008427842 -3.57295059785247 
1665475948.2256 39.0543931898972 115.920003804936 -3.56682911235839 
1665475948.42561 39.0544025320316 115.919999106145 -3.57071612495929 
1665475948.6255 39.0544119684184 115.919994260464 -3.56724659819156 
1665475948.82538 39.0544216903842 115.919989445672 -3.57734907977283 
1665475949.0252 39.0544314276037 115.919984683821 -3.59722970705479 
1665475949.22516 39.0544414342584 115.919979611356 -3.58405296411365 
1665475949.4252 39.0544512998675 115.91997459394 -3.59939853753895 
1665475949.62525 39.0544612588559 115.919969510212 -3.61153995525092 
1665475949.82507 39.0544712183481 115.919964272078 -3.59336925577372 
1665475950.02502 39.0544812287406 115.919959075245 -3.5928441984579 
1665475950.2249 39.05449150423 115.91995369175 -3.61666493397206 
1665475950.42515 39.054501966686 115.919948130264 -3.61643673665822 
1665475950.62514 39.0545121995801 115.919942890628 -3.62518673576415 
1665475950.82516 39.054522294264 115.919937622155 -3.61292126215994 
1665475951.0251 39.0545324825617 115.919932359057 -3.61647269688547 
1665475951.22497 39.0545428400233 115.919926842456 -3.62744156736881 
1665475951.42487 39.0545532878214 115.919921112341 -3.6345800710842 
1665475951.62525 39.0545638388208 115.919915451913 -3.62913839891553 
1665475951.82514 39.0545741355051 115.919909793411 -3.6408558357507 
1665475952.02513 39.0545844701956 115.919903956767 -3.64949226099998 
1665475952.22513 39.0545949109066 115.919898152716 -3.6576127782464 
1665475952.42512 39.0546054914893 115.919892281944 -3.66487244423479 
1665475952.62536 39.0546159212742 115.919886427029 -3.68939921911806 
1665475952.82537 39.0546264076897 115.919880511558 -3.68958944361657 
1665475953.02539 39.0546367593065 115.919874592876 -3.69395215623081 
1665475953.22543 39.0546473423971 115.919868727757 -3.71280654147267 
1665475953.42553 39.0546580187981 115.919862811422 -3.73747787997127 
1665475953.62559 39.054668580016 115.91985679348 -3.73856092244387 
1665475953.82563 39.0546789639615 115.919851046045 -3.74205939937383 
1665475954.02564 39.0546895267624 115.919845316048 -3.76010598894209 
1665475954.22559 39.0546999859738 115.919839632062 -3.7690266687423 
1665475954.42581 39.0547105438352 115.919834003095 -3.76527690514922 
1665475954.62612 39.0547209981112 115.919828463248 -3.77812111005187 
1665475954.82633 39.054731542072 115.919822901132 -3.80553214065731 
1665475955.02603 39.0547419673115 115.919817220654 -3.83597068861127 
1665475955.22619 39.0547522752015 115.919811741338 -3.83749727439135 
1665475955.42641 39.0547625923942 115.919806216663 -3.87353012431413 
1665475955.62605 39.0547728689086 115.919800518597 -3.90422429982573 
1665475955.82625 39.0547831487933 115.919794875575 -3.92425941769034 
1665475956.02613 39.0547934024261 115.919789478614 -3.94061405304819 
1665475956.22603 39.0548035739222 115.919783898106 -3.96311415359378 
1665475956.42616 39.0548137500471 115.919778090127 -3.98375582974404 
1665475956.6261 39.0548237859802 115.919772309157 -4.00018969736993 
1665475956.82604 39.0548337756387 115.919766387825 -4.01519477274269 
1665475957.02594 39.0548436603745 115.919760291397 -4.04221484158188 
1665475957.226 39.0548535657642 115.919754239499 -4.06108125299215 
1665475957.42606 39.0548634611314 115.919747931006 -4.08797999005765 
1665475957.62613 39.0548731857348 115.919741467473 -4.09689802583307 
1665475957.82613 39.054882786198 115.919735136314 -4.11679925210774 
1665475958.02616 39.0548923835787 115.919728903081 -4.13533682376146 
1665475958.22629 39.0549020961651 115.919722459447 -4.17615335714072 
1665475958.42582 39.0549116087977 115.919715937689 -4.19923746213317 
1665475958.62584 39.0549211863709 115.919709568584 -4.2120742155239 
1665475958.82581 39.0549308527214 115.919703550327 -4.22761072777212 
1665475959.02586 39.0549407076387 115.919697501901 -4.25295900274068 
1665475959.22583 39.0549506320489 115.919691164134 -4.26912021636963 
1665475959.42585 39.0549605962026 115.919684979445 -4.27306218165904 
1665475959.62582 39.0549709402923 115.91967921773 -4.29857861250639 
1665475959.82582 39.0549813519959 115.919673441595 -4.32309154141694 
1665475960.02587 39.0549918948909 115.919667617167 -4.3387976968661 
1665475960.22575 39.0550025523084 115.919661915951 -4.36594275478274 
1665475960.42564 39.0550133827723 115.91965627075 -4.40938084386289 
1665475960.62554 39.0550242132141 115.919650659238 -4.43899278435856 
1665475960.8255 39.0550351482006 115.919645021005 -4.47514391504228 
1665475961.02532 39.0550461599811 115.919639420495 -4.48597370740026 
1665475961.22524 39.0550572730713 115.919633975152 -4.52444023266435 
1665475961.42519 39.0550683687856 115.919628374535 -4.5628631003201 
1665475961.62518 39.0550795005652 115.919622723293 -4.60509435366839 
1665475961.82522 39.0550905709916 115.91961730268 -4.62203768640757 
1665475962.02523 39.0551015551472 115.919611882618 -4.66584287583828 
1665475962.22507 39.0551126266885 115.919606017581 -4.70359485782683 
1665475962.42504 39.0551237621169 115.919600211728 -4.73495362885296 
1665475962.62487 39.0551349504116 115.919594510271 -4.76553594507277 
1665475962.82474 39.0551461410974 115.919588690144 -4.79716960247606 
1665475963.02542 39.0551573001248 115.919582735268 -4.82571782264858 
1665475963.22529 39.0551685603419 115.9195767475 -4.84937426168472 
1665475963.42527 39.055179851597 115.919570825748 -4.86395308561623 
1665475963.62524 39.0551911066312 115.919564829579 -4.90852131228894 
1665475963.82522 39.0552027665164 115.919558636476 -4.95078683830798 
1665475964.02543 39.055214132303 115.919552485923 -4.9851891240105 
1665475964.22547 39.0552256429465 115.919546394274 -5.02229129057378 
1665475964.4255 39.0552371929063 115.919540391531 -5.08215815573931 
1665475964.62538 39.055248760328 115.919534315505 -5.11560318339616 
1665475964.82529 39.055260433626 115.919528141801 -5.15106858313084 
1665475965.02524 39.0552722660655 115.919521949211 -5.19025986082852 
1665475965.22528 39.0552841304823 115.919515847009 -5.22475619893521 
1665475965.42514 39.0552959364296 115.919509766319 -5.26429307926446 
1665475965.62496 39.0553076326591 115.919503543864 -5.28636422473937 
1665475965.82495 39.0553194421593 115.919497552033 -5.3318052617833 
1665475966.02484 39.0553313987756 115.919491472437 -5.37984293792397 
1665475966.22541 39.0553431526681 115.919485123556 -5.39059392083436 
1665475966.42524 39.0553548869893 115.91947885895 -5.41818290296942 
1665475966.62514 39.0553666423382 115.919472710605 -5.43609514366835 
1665475966.82507 39.0553784464068 115.919466532328 -5.46671326737851 
1665475967.02503 39.0553903338525 115.919460131098 -5.49906249716878 
1665475967.22498 39.0554023144645 115.919453758579 -5.53980557061732 
1665475967.42492 39.0554142121341 115.919447535059 -5.58741323184222 
1665475967.62488 39.05542609421 115.919441167705 -5.6221175538376 
1665475967.82561 39.0554379547204 115.919434793146 -5.67621364910156 
1665475968.02532 39.0554498092345 115.91942849757 -5.71184545569122 
1665475968.22532 39.0554615979665 115.919422080447 -5.73681734036654 
1665475968.42536 39.0554733865397 115.91941570486 -5.79315434861928 
1665475968.62517 39.0554852966534 115.919409355596 -5.8447683127597 
1665475968.82513 39.0554969791075 115.919402977188 -5.86529835872352 
1665475969.02513 39.0555086066759 115.919396646899 -5.91033787187189 
1665475969.22514 39.055520408666 115.919390283128 -5.9514673827216 
1665475969.42511 39.0555322176037 115.919383821553 -5.98677361849695 
1665475969.62521 39.0555438180157 115.919377224008 -6.00887967459857 
1665475969.82546 39.05555558126 115.919370674597 -6.04461993649602 
1665475970.02558 39.0555675109841 115.919364093622 -6.08095462806523 
1665475970.22549 39.0555795038165 115.919357311936 -6.12133855838329 
1665475970.42562 39.0555915077643 115.919350713338 -6.1642155116424 
1665475970.62565 39.0556036183164 115.91934411176 -6.2088338797912 
1665475970.82572 39.0556158205341 115.919337464201 -6.25081065669656 
1665475971.02586 39.0556281416985 115.919330797162 -6.30021015182137 
1665475971.22595 39.0556402802164 115.919323966866 -6.33998869452626 
1665475971.42608 39.0556524557705 115.919317237696 -6.36270850431174 
1665475971.62602 39.0556647410905 115.919310511749 -6.41407683677971 
1665475971.82593 39.0556769907789 115.919303393897 -6.45961230713874 
1665475972.02596 39.055689100136 115.919296571503 -6.4986158721149 
1665475972.22597 39.0557012596134 115.919289960384 -6.54313991032541 
1665475972.42586 39.0557133844042 115.919283291213 -6.58288492914289 
1665475972.62606 39.0557254725584 115.919276616732 -6.61919519957155 
1665475972.82624 39.0557374143636 115.9192700208 -6.64403168298304 
1665475973.02629 39.0557495085512 115.91926334244 -6.69751137308776 
1665475973.22588 39.0557614738235 115.919256748986 -6.75626501441002 
1665475973.4258 39.0557733177975 115.919250332183 -6.78880855254829 
1665475973.62584 39.0557850196303 115.919244043602 -6.83383467514068 
1665475973.82582 39.0557969589834 115.919237568934 -6.88835098594427 
1665475974.02572 39.0558087176392 115.919231113129 -6.93654519040138 
1665475974.22579 39.0558203183253 115.91922489257 -6.97222393192351 
1665475974.42594 39.0558319130272 115.919218714112 -7.01112994365394 
1665475974.62595 39.0558435922058 115.919212392651 -7.05865638237447 
1665475974.82592 39.0558551034877 115.919206233277 -7.09507477283478 
1665475975.02599 39.0558665593676 115.919200193991 -7.1390582351014 
1665475975.22619 39.0558779635376 115.919194133669 -7.18335982039571 
1665475975.4262 39.0558896322235 115.919188100669 -7.22381374426186 
1665475975.62614 39.0559012219943 115.919181976068 -7.27072248514742 
1665475975.8262 39.0559128972691 115.9191758142 -7.30897034704685 
1665475976.02624 39.0559246085722 115.919169743306 -7.35166074987501 
1665475976.22609 39.0559362379194 115.91916368021 -7.40145922079682 
1665475976.42621 39.0559479473609 115.919157513313 -7.44104521535337 
1665475976.62618 39.0559596240824 115.919151281497 -7.48465604707599 
1665475976.82592 39.0559714323554 115.919145129221 -7.54337849933654 
1665475977.02602 39.0559831860081 115.919139055786 -7.57986603118479 
1665475977.22599 39.0559949359558 115.919133038543 -7.61766362935305 
1665475977.42601 39.0560067462563 115.919127004193 -7.67594373971224 
1665475977.62601 39.0560186375707 115.919120730369 -7.72137490939349 
1665475977.82597 39.0560303973245 115.919114585788 -7.78140580002218 
1665475978.02603 39.0560421888477 115.919108547462 -7.83772483095527 
1665475978.22596 39.0560538949739 115.91910250178 -7.88420112803578 
1665475978.42587 39.0560655165325 115.919096458461 -7.92698607780039 
1665475978.62584 39.0560770515193 115.919090455955 -7.97161743510514 
1665475978.82581 39.056088544186 115.919084683018 -8.01220583263785 
1665475979.02582 39.0560999015327 115.919078832199 -8.04841187410057 
1665475979.22578 39.0561111633295 115.919072888764 -8.11211453843862 
1665475979.42574 39.0561223266392 115.919067246654 -8.15883579943329 
1665475979.62587 39.0561333768269 115.919061916 -8.21865757461637 
1665475979.82598 39.0561443172609 115.919056546732 -8.27715070918202 
1665475980.02602 39.0561550751989 115.919051127031 -8.30853308551013 
1665475980.22602 39.0561657394014 115.91904596816 -8.33370338659734 
1665475980.42605 39.0561764249264 115.919041092281 -8.39285579323769 
1665475980.62605 39.0561868895379 115.919036352715 -8.43144164141268 
1665475980.82604 39.0561972536672 115.919031419804 -8.46558441407979 
1665475981.02601 39.0562074742213 115.919026652994 -8.52977309376001 
1665475981.22605 39.0562177569242 115.919022415559 -8.60633594542742 
1665475981.42615 39.0562276772549 115.919017905269 -8.63922460284084 
1665475981.62623 39.0562374357256 115.919013279262 -8.67772105522454 
1665475981.82625 39.0562471565641 115.919008791856 -8.74153817072511 
1665475982.02584 39.0562570500802 115.919004333208 -8.78636556211859 
1665475982.22579 39.0562667371024 115.918999607197 -8.80919461883605 
1665475982.42588 39.0562765471786 115.91899481535 -8.85735567379743 
1665475982.62588 39.0562864482935 115.918989761861 -8.90486812219024 
1665475982.82588 39.056296453868 115.918984689908 -8.94196455646306 
1665475983.02598 39.0563063827579 115.91897926476 -8.97651318181306 
1665475983.22597 39.0563163302897 115.918973840329 -9.02943695988506 
1665475983.42605 39.0563264319406 115.9189683696 -9.07362195663154 
1665475983.62615 39.0563365133091 115.918962838586 -9.11458818614483 
1665475983.82627 39.0563466973067 115.91895711895 -9.15582946222275 
1665475984.02606 39.056356924549 115.918951432796 -9.21598756406456 
1665475984.22604 39.056367100274 115.918945805898 -9.27093021199107 
1665475984.426 39.0563772296512 115.918940081696 -9.31126304902136 
1665475984.62617 39.0563872623679 115.918934373972 -9.36722192447633 
1665475984.82627 39.0563972817131 115.918928552211 -9.41671146638691 
1665475985.02587 39.0564072049545 115.918922771927 -9.46088773664087 
1665475985.22586 39.0564171377036 115.918917070171 -9.50292963255197 
1665475985.42588 39.0564269544286 115.918911479804 -9.5379203222692 
1665475985.62588 39.0564366338525 115.918905925536 -9.58164801914245 
1665475985.82587 39.0564464236819 115.918900433603 -9.61906001530588 
1665475986.02588 39.0564562297896 115.918895066516 -9.66246216371655 
1665475986.22593 39.0564658750571 115.918889795371 -9.71553558949381 
1665475986.42594 39.0564752894597 115.91888456675 -9.76631869282573 
1665475986.62602 39.0564844231904 115.918879450861 -9.81517108529806 
1665475986.82583 39.0564935205091 115.918874470341 -9.8682348234579 
1665475987.02585 39.0565024762088 115.91886968438 -9.90913691744208 
1665475987.22592 39.056511417593 115.918864800522 -9.96207599248737 
1665475987.42597 39.0565202299729 115.918859761311 -10.0106922620907 
1665475987.6259 39.0565288773491 115.918855078179 -10.0667822668329 
1665475987.82584 39.0565375277147 115.918850385531 -10.1144530111924 
1665475988.02585 39.0565461271193 115.918845364506 -10.1475021028891 
1665475988.22595 39.056554618452 115.918840130027 -10.2091621449217 
1665475988.42604 39.0565629763204 115.918835207643 -10.2666150284931 
1665475988.62614 39.0565712111329 115.918830113493 -10.3097433606163 
1665475988.92616 39.0565829937548 115.918821912411 -10.3650933131576 
1665475989.22612 39.0565944280752 115.918813526378 -10.441543458961 
1665475989.52598 39.0566050402514 115.918804797647 -10.4947216603905 
1665475989.82591 39.0566149467895 115.918795999715 -10.5430320966989 
1665475990.12588 39.0566241566677 115.918787466807 -10.5964192235842 
1665475990.42587 39.0566327826216 115.918779208334 -10.6365735847503 
1665475990.72591 39.0566410685041 115.918771688473 -10.6956851268187 
1665475991.02591 39.0566490463572 115.918765463653 -10.7266962379217 
1665475991.42591 39.0566595983038 115.918759027973 -10.7737382901832 
1665475991.82632 39.0566700838761 115.918754320977 -10.824849601835 
1665475992.22598 39.0566805756551 115.918752232921 -10.8875458985567 
1665475992.62617 39.0566903457837 115.918752511182 -10.9388137664646 
1665475993.02601 39.0566998797834 115.918754726671 -10.9932186976075 
1665475993.42575 39.0567084698961 115.918759928829 -11.0385207654908 
1665475993.92553 39.0567172383604 115.918768602026 -11.0583007065579 
1665475994.42511 39.0567234523492 115.918779930059 -11.1065954817459 
1665475994.92514 39.056727547517 115.918792294279 -11.0957908909768 
1665475995.42535 39.05672979808 115.918804890125 -11.1062125563622 
1665475995.92581 39.0567295425888 115.918817352387 -11.0862653898075 
1665475996.4262 39.0567275723055 115.918829155332 -11.0614572558552 
1665475996.9261 39.0567235963084 115.918840158121 -11.0454421704635 
1665475997.42605 39.0567183172682 115.918849595916 -10.9981418764219 
1665475997.92587 39.0567116123627 115.918857582935 -10.9347275188193 
1665475998.42556 39.0567048840369 115.91886513499 -10.8300273241475 
1665475998.82557 39.0566963593452 115.91886949368 -10.8020617971197 
1665475999.22536 39.0566868562921 115.918872655044 -10.7997374013066 
1665475999.62505 39.0566769033224 115.918876167366 -10.7533574365079 
1665476000.025 39.0566661638072 115.9188801742 -10.6903001805767 
1665476000.42487 39.0566547570813 115.918883510809 -10.6403831671923 
1665476000.82492 39.0566432795282 115.918887804052 -10.5764991668984 
1665476001.12528 39.0566342392527 115.918891322769 -10.5306807206944 
1665476001.42519 39.0566249536422 115.918895518824 -10.4897222751752 
1665476001.72516 39.0566154979446 115.918899520507 -10.4441610230133 
1665476002.02502 39.0566057693461 115.91890407712 -10.4034198569134 
1665476002.32518 39.0565961603946 115.918908768557 -10.3509214920923 
1665476002.62523 39.0565863914199 115.918913363873 -10.3056479375809 
1665476002.92548 39.0565767986164 115.918918016372 -10.2575217485428 
1665476003.22549 39.0565665335688 115.918923230419 -10.1955203860998 
1665476003.52561 39.0565561845603 115.91892835635 -10.1280015669763 
1665476003.82575 39.0565455526857 115.918933846177 -10.0701925847679 
1665476004.12625 39.0565347125158 115.918939619789 -10.0136200617999 
1665476004.42595 39.0565234314769 115.918945662312 -9.95022593718022 
1665476004.72594 39.0565120344914 115.918951945396 -9.90634755510837 
1665476005.02588 39.0565004191397 115.918958399461 -9.84756489563733 
1665476005.32612 39.0564886571359 115.918964970863 -9.79102248139679 
1665476005.62584 39.0564767597341 115.918971320583 -9.74178298097104 
1665476005.92597 39.0564647366367 115.918978119353 -9.68843544274569 
1665476006.22579 39.0564527225861 115.918984761746 -9.61864695232362 
1665476006.52588 39.0564405570814 115.918991684341 -9.56086374167353 
1665476006.82599 39.0564282133386 115.918998612462 -9.50237876176834 
1665476007.12608 39.0564158999469 115.919005417098 -9.44060692377388 
1665476007.42608 39.0564036658368 115.919012539808 -9.36998387891799 
1665476007.62612 39.0563952961538 115.919017070906 -9.32379339076579 
1665476007.82611 39.0563868889462 115.919021604947 -9.27447414863855 
1665476008.02612 39.0563785594352 115.919026492713 -9.22612857725471 
1665476008.2261 39.0563702255581 115.919031358728 -9.17572135850787 
1665476008.42605 39.0563617186872 115.9190359701 -9.13165921345353 
1665476008.62605 39.0563531170797 115.919040564606 -9.11025067046285 
1665476008.82606 39.0563446642754 115.919045468294 -9.05704115051776 
1665476009.02603 39.0563361931431 115.919050435034 -9.0177787411958 
1665476009.2261 39.0563276435701 115.919055239592 -8.98691723309457 
1665476009.42603 39.0563189718488 115.91906002382 -8.96403442695737 
1665476009.6261 39.0563103422164 115.919065201023 -8.91292524244636 
1665476009.82622 39.0563016999889 115.919069849416 -8.87808644026518 
1665476010.02613 39.0562931030084 115.919074627922 -8.84399891458452 
1665476010.22623 39.0562845112335 115.919079211847 -8.79940728377551 
1665476010.42609 39.0562757256685 115.919083929415 -8.76776043418795 
1665476010.62618 39.0562673114827 115.919088673537 -8.73301424831152 
1665476010.82639 39.0562588854842 115.919093428681 -8.68280211370438 
1665476011.02586 39.056250507243 115.919098008874 -8.63601083867252 
1665476011.22597 39.0562421479206 115.919102370171 -8.59942488279194 
1665476011.42597 39.0562337329191 115.919106676502 -8.56984289176762 
1665476011.72587 39.0562213992886 115.919113022458 -8.51254180632532 
1665476012.02588 39.0562089348875 115.919119346411 -8.45339456573129 
1665476012.32587 39.0561966529288 115.919125266692 -8.39669986069202 
1665476012.62611 39.0561842913295 115.919131163364 -8.33790501393378 
1665476012.9261 39.0561721271216 115.91913714618 -8.2892315145582 
1665476013.226 39.0561600956848 115.919142821399 -8.22674226853997 
1665476013.52618 39.0561478766898 115.919148314557 -8.18282319139689 
1665476013.82639 39.0561360985842 115.919153815462 -8.15090489480644 
1665476014.12605 39.0561243451728 115.919159538841 -8.09691340476274 
1665476014.42595 39.056112828438 115.919164908787 -8.06164520420134 
1665476014.72586 39.0561014410151 115.919170558913 -8.00297044869512 
1665476015.02591 39.0560904930342 115.919176310888 -7.95724365673959 
1665476015.32597 39.056079523218 115.919182010179 -7.90343394968659 
1665476015.62598 39.0560688601465 115.919187733555 -7.85790535341948 
1665476015.92595 39.0560585335022 115.91919346867 -7.80949919112027 
1665476016.22616 39.0560484041845 115.919199101537 -7.77194586675614 
1665476016.52624 39.0560386093853 115.919204628556 -7.72921327408403 
1665476016.82599 39.0560290291868 115.919209704932 -7.68490214087069 
1665476017.12632 39.056019713735 115.91921447583 -7.6533521655947 
1665476017.42616 39.056010431888 115.919219529586 -7.61614745203406 
1665476017.72587 39.0560013683306 115.919224381072 -7.59361766837537 
1665476018.02607 39.0559926995086 115.919228960597 -7.55003226269037 
1665476018.42635 39.0559816826393 115.919234589339 -7.50214113015682 
1665476018.82624 39.0559716365965 115.919239800319 -7.47340699099004 
1665476019.22622 39.0559623801278 115.919244675882 -7.44054319988936 
1665476019.62596 39.0559535870456 115.919249311013 -7.40717954933643 
1665476020.12603 39.0559434561079 115.919254447848 -7.35043126810342 
1665476020.62613 39.0559343541497 115.919259148687 -7.32659589033574 
1665476021.22594 39.0559249061957 115.919264093646 -7.28556881006807 
1665476021.92604 39.0559161861211 115.919268539129 -7.25395139399916 
1665476022.72603 39.0559076447847 115.919272853366 -7.21640888974071 
1665476023.72625 39.0558988251608 115.91927721535 -7.18024699017406 
1665476036.82633 39.0558903614227 115.919281635843 -7.13366688881069 
1665476038.32607 39.0558816316507 115.919285922517 -7.10975383222103 
1665476039.72614 39.0558728810042 115.919290058087 -7.07823196798563 
1665476041.226 39.0558641909336 115.919294262215 -7.04854786396027 
1665476043.02611 39.055855447594 115.919298508094 -7.02221160102636 
1665476058.32598 39.0558465770054 115.919302615226 -6.9882344044745 
1665476059.52616 39.0558374768187 115.919307174046 -6.95559179596603 
1665476060.22603 39.0558284685743 115.919312062409 -6.92821789812297 
1665476060.7263 39.0558201249002 115.919316726411 -6.90996066294611 
1665476061.22598 39.0558103062321 115.919322440468 -6.8674261700362 
1665476061.62628 39.0558011218299 115.919327720421 -6.83806064911187 
1665476062.02586 39.0557909194311 115.919333607634 -6.81209089607 
1665476062.42598 39.055779898942 115.919339694323 -6.76694105099887 
1665476062.72589 39.0557710713896 115.919344519571 -6.7209177929908 
1665476063.02587 39.0557614984527 115.919349773987 -6.68291864451021 
1665476063.32618 39.0557512857837 115.919355568066 -6.645637688227 
1665476063.62591 39.0557403040094 115.919361689878 -6.59990968368948 
1665476063.92601 39.0557287230022 115.919367915471 -6.56095096003264 
1665476064.22601 39.0557168039585 115.919374590764 -6.50409482140094 
1665476064.52606 39.0557044935173 115.919381396467 -6.45823579560965 
1665476064.72624 39.0556961217613 115.919385911762 -6.43378602340817 
1665476064.92594 39.0556875816439 115.919390436037 -6.39943706057966 
1665476065.12603 39.0556789734755 115.919395068076 -6.36388354562223 
1665476065.32611 39.0556703386087 115.919399763917 -6.35786506719887 
1665476065.52615 39.0556617750993 115.919404496693 -6.33132382389158 
1665476065.72639 39.0556533011316 115.919409096938 -6.29567766468972 
1665476065.92611 39.0556449531666 115.919413741053 -6.28229824639857 
1665476066.12616 39.0556365692514 115.919418306975 -6.25265026744455 
1665476066.32613 39.0556281056909 115.919422885003 -6.22104761656374 
1665476066.526 39.0556195442139 115.919427536971 -6.19645666237921 
1665476066.72617 39.0556109311496 115.919432393515 -6.17250445391983 
1665476066.92622 39.0556020852494 115.919437277227 -6.14531455747783 
1665476067.12581 39.0555931085443 115.919442084097 -6.11787595786154 
1665476067.32581 39.0555838650822 115.919447183942 -6.08845534920692 
1665476067.52574 39.0555746170271 115.919452484834 -6.05411153193563 
1665476067.72576 39.0555651370131 115.919457734242 -6.01454636547714 
1665476067.92584 39.0555555106939 115.91946295823 -5.97555198613554 
1665476068.1259 39.0555457204416 115.919468497905 -5.95187195017934 
1665476068.32607 39.0555356482558 115.919474204154 -5.91740977019072 
1665476068.5263 39.0555252977758 115.919479937317 -5.89598443824798 
1665476068.72601 39.0555149250549 115.919485719628 -5.86467171180993 
1665476068.92605 39.0555042748853 115.919491611696 -5.83816090878099 
1665476069.12622 39.0554936238062 115.919497795937 -5.82242086157203 
1665476069.3262 39.0554826343171 115.919503883731 -5.80441737361252 
1665476069.52605 39.0554717127487 115.919509823013 -5.7708904594183 
1665476069.72622 39.0554606970406 115.919516127881 -5.71731793601066 
1665476069.9262 39.0554494072661 115.919522491751 -5.68230565544218 
1665476070.1259 39.0554378669976 115.919528703537 -5.64064286462963 
1665476070.32606 39.0554263269922 115.919535047777 -5.60566020477563 
1665476070.52609 39.0554147673285 115.919541583411 -5.5710670594126 
1665476070.72617 39.0554032175849 115.919548091525 -5.52384504489601 
1665476070.92628 39.0553916064163 115.919554674474 -5.48259767703712 
1665476071.12581 39.055380017733 115.919561156499 -5.44413397181779 
1665476071.32575 39.0553684211494 115.919567827106 -5.40130389388651 
1665476071.52572 39.0553567882597 115.919574669624 -5.3695128178224 
1665476071.72587 39.0553451456035 115.919581447325 -5.3489157948643 
1665476071.92587 39.0553336195961 115.919588183364 -5.2997951451689 
1665476072.126 39.0553221116281 115.919595015669 -5.27584807574749 
1665476072.32622 39.0553104934806 115.91960210727 -5.19871359504759 
1665476072.52627 39.0552988756533 115.919609208274 -5.18250508978963 
1665476072.72595 39.0552871536086 115.919616397942 -5.15700542833656 
1665476072.92589 39.0552754671954 115.919623692202 -5.10995481908321 
1665476073.12571 39.0552637921534 115.919631133805 -5.08935908600688 
1665476073.32571 39.0552519729634 115.919638639657 -5.04304858949035 
1665476073.5257 39.0552402510011 115.919645965574 -4.99836211185902 
1665476073.72558 39.0552284261525 115.919653524739 -4.96143423393369 
1665476073.92557 39.0552164263165 115.919661088798 -4.92762866336852 
1665476074.12552 39.0552044965909 115.919668465619 -4.89747895579785 
1665476074.32545 39.0551925119643 115.91967596907 -4.84755088295788 
1665476074.52544 39.0551804438212 115.919683592829 -4.8242216380313 
1665476074.72535 39.0551682626134 115.919691068696 -4.79405587166548 
1665476074.92547 39.0551561224416 115.919698366546 -4.76249055098742 
1665476075.12547 39.0551439022732 115.919705784973 -4.73558302316815 
1665476075.32558 39.0551314976473 115.919713115571 -4.71282347105443 
1665476075.52574 39.0551191911368 115.91972029935 -4.66383265890181 
1665476075.72587 39.0551066463299 115.919727658307 -4.63900502864271 
1665476075.92602 39.0550938183169 115.919734984165 -4.59827140346169 
1665476076.12615 39.055081136347 115.919742290949 -4.54720845259726 
1665476076.32609 39.0550685958135 115.919749343595 -4.49952398892492 
1665476076.52605 39.0550557112487 115.919756340061 -4.45713300537318 
1665476076.72609 39.0550426131822 115.919763479857 -4.4193165814504 
1665476076.92611 39.0550297934223 115.919770332441 -4.37712134979665 
1665476077.12587 39.055016824718 115.919777030489 -4.35195740964264 
1665476077.3259 39.055004028073 115.919783720623 -4.31583464983851 
1665476077.52602 39.0549911789415 115.919790340195 -4.28249489795417 
1665476077.72614 39.0549782171662 115.919796959576 -4.25454456731677 
1665476077.92614 39.0549651255274 115.9198032746 -4.21962681598961 
1665476078.12627 39.0549521719023 115.919809577085 -4.18279681075364 
1665476078.32625 39.0549391645042 115.919816044945 -4.16140454728156 
1665476078.52605 39.0549261626286 115.919822506142 -4.14473215024918 
1665476078.72613 39.054913143945 115.919829058069 -4.14086842071265 
1665476078.92607 39.0549002247985 115.919835486219 -4.09792201500386 
1665476079.12619 39.0548873051544 115.919842006756 -4.03987222816795 
1665476079.32637 39.0548742971519 115.919848456487 -4.01592649426311 
1665476079.52617 39.0548611771212 115.919854410435 -3.99137123208493 
1665476079.7261 39.0548481805248 115.919860339022 -3.96258643642068 
1665476079.92622 39.0548351303444 115.919866490923 -3.92732849251479 
1665476080.12598 39.0548219362447 115.919872571042 -3.88789832219481 
1665476080.32598 39.0548086985006 115.919878579064 -3.87269768305123 
1665476080.52614 39.0547954245856 115.919884726582 -3.87523793522269 
1665476080.72612 39.0547821787437 115.919890835936 -3.86492555961013 
1665476080.92613 39.0547688999959 115.919896926715 -3.82731053698808 
1665476081.12608 39.0547554158998 115.919903039149 -3.82690883520991 
1665476081.32591 39.0547419198955 115.919909374636 -3.81935679446906 
1665476081.5259 39.0547284583913 115.919915812872 -3.8204295579344 
1665476081.7257 39.0547150940041 115.919922451867 -3.80236900411546 
1665476081.92569 39.0547014072254 115.919929160496 -3.82105607353151 
1665476082.12569 39.0546879230813 115.91993594111 -3.80380150675774 
1665476082.32578 39.0546743030842 115.919942845261 -3.79271908011287 
1665476082.5257 39.0546607400107 115.919949727931 -3.78532670717686 
1665476082.72568 39.0546470800764 115.91995684141 -3.79677881393582 
1665476082.92568 39.0546334604589 115.919964051066 -3.76853225007653 
1665476083.12562 39.0546198345811 115.919971377419 -3.76718628779054 
1665476083.32553 39.0546060057088 115.919978497776 -3.77409815043211 
1665476083.52548 39.0545921116173 115.919985798817 -3.76661009620875 
1665476083.72566 39.0545780841439 115.919993188287 -3.7530092485249 
1665476083.92552 39.0545641961534 115.920000538693 -3.72933266777545 
1665476084.12535 39.0545500680001 115.920008119684 -3.71904251445085 
1665476084.3254 39.0545357056605 115.920015747342 -3.70698287058622 
1665476084.52541 39.0545216101827 115.920023310037 -3.68803123570979 
1665476084.72553 39.05450737768 115.920031054388 -3.68330039642751 
1665476084.92548 39.054493049044 115.920038892882 -3.69126703590155 
1665476085.12544 39.0544784774006 115.920046468432 -3.69053632952273 
1665476085.32531 39.0544644153914 115.920053874489 -3.67557608429343 
1665476085.52543 39.0544501924656 115.920061728748 -3.68193267751485 
1665476085.7255 39.0544357436915 115.920069546209 -3.68533828016371 
1665476085.92558 39.0544215935393 115.920077192762 -3.66417816188186 
1665476086.12556 39.0544073986952 115.920084879156 -3.66997604351491 
1665476086.32562 39.0543930347757 115.920092518404 -3.67369312886149 
1665476086.5257 39.0543788445013 115.920100168941 -3.66900140140206 
1665476086.72573 39.0543646953756 115.920107815208 -3.66290299966931 
1665476086.92578 39.0543504664115 115.920115431387 -3.64931754022837 
1665476087.12579 39.0543362174276 115.920122939181 -3.64773525856435 
1665476087.32585 39.0543221240843 115.92013036542 -3.63995651528239 
1665476087.52584 39.054307928415 115.920137995869 -3.65430656727403 
1665476087.72583 39.0542936704741 115.9201456644 -3.68708565551788 
1665476087.92591 39.0542794664065 115.920153185756 -3.67080838512629 
1665476088.12591 39.0542652540002 115.920160775645 -3.66576261818409 
1665476088.32609 39.0542510798193 115.920168489676 -3.66968323010951 
1665476088.52619 39.0542367278917 115.920176017339 -3.67652459908277 
1665476088.72609 39.0542222812952 115.920183565589 -3.68843303155154 
1665476088.92621 39.0542078500354 115.920191403856 -3.70525989308953 
1665476089.1264 39.0541932751902 115.920199152115 -3.7079512970522 
1665476089.32619 39.0541787188271 115.920206887166 -3.7147496715188 
1665476089.52623 39.0541640298751 115.920214915428 -3.73040503356606 
1665476089.72588 39.0541493862969 115.920222830319 -3.72763705253601 
1665476089.92585 39.054134704717 115.920230890741 -3.74091277178377 
1665476090.1259 39.0541198516284 115.920239096244 -3.77070110943168 
1665476090.3261 39.0541048720314 115.92024740962 -3.77165744546801 
1665476090.52624 39.0540900956847 115.920255643765 -3.78839941322803 
1665476090.7262 39.0540751023762 115.920263988941 -3.78604236617684 
1665476090.92618 39.054060180823 115.920272187986 -3.79376738611609 
1665476091.12626 39.0540453510278 115.920280564661 -3.77607326675206 
1665476091.32606 39.0540307406973 115.920288889692 -3.79183381330222 
1665476091.52609 39.0540162176843 115.920297234775 -3.784663640894 
1665476091.72617 39.0540015228724 115.920305405063 -3.8029481433332 
1665476091.92595 39.0539868870023 115.920313482691 -3.80813838914037 
1665476092.12628 39.0539722457708 115.920321774746 -3.82789513096213 
1665476092.32608 39.0539576054407 115.920330010173 -3.83301966637373 
1665476092.52633 39.0539430938581 115.92033835156 -3.84049291349947 
1665476092.72608 39.0539285741261 115.920346504538 -3.83971609268337 
1665476092.92621 39.0539139384195 115.920354894934 -3.85685099754483 
1665476093.12605 39.0538994047105 115.920363110309 -3.86597577854991 
1665476093.32603 39.0538851732258 115.920371166814 -3.88483199104667 
1665476093.52606 39.0538708768099 115.920379108506 -3.89753598254174 
1665476093.72646 39.0538565796927 115.92038723062 -3.90880697127432 
1665476093.92598 39.0538423134538 115.920395259552 -3.9300378607586 
1665476094.12618 39.0538279074584 115.920403271723 -3.94145845156163 
1665476094.32624 39.0538136533686 115.920411302797 -3.9430423611775 
1665476094.52628 39.053799404456 115.920419254569 -3.95372080989182 
1665476094.72595 39.0537851093849 115.920427252316 -3.96423404105008 
1665476094.92613 39.0537708633784 115.920435223462 -3.97858174704015 
1665476095.12604 39.0537568091469 115.920443047702 -3.97752463351935 
1665476095.32605 39.0537425531155 115.920451143568 -4.01452487986535 
1665476095.5261 39.0537282013519 115.920459125069 -4.02187355794013 
1665476095.72616 39.0537142062193 115.920466946946 -4.0457532024011 
1665476095.9262 39.0537000308934 115.920474840736 -4.05905579309911 
1665476096.12632 39.0536859356769 115.92048254287 -4.06626773253083 
1665476096.32596 39.0536720084617 115.920490202171 -4.0793590079993 
1665476096.52595 39.0536579589362 115.920497888022 -4.09863199945539 
1665476096.72605 39.0536439354769 115.920505474292 -4.11389103531837 
1665476096.92603 39.053629926127 115.920513108597 -4.13572583161294 
1665476097.12609 39.0536158532343 115.920520750278 -4.16800950281322 
1665476097.32622 39.0536018644015 115.920528357218 -4.18945778068155 
1665476097.52611 39.0535878235284 115.920535837074 -4.20806762296706 
1665476097.72624 39.0535738499561 115.920543243231 -4.22701494023204 
1665476097.926 39.0535601435873 115.920550576132 -4.24657928291708 
1665476098.12606 39.0535461896922 115.920557943412 -4.27585921343416 
1665476098.32603 39.0535322406143 115.920565177946 -4.30618701782078 
1665476098.52605 39.053518279871 115.920572591956 -4.31483372300863 
1665476098.72609 39.0535045437294 115.920579789179 -4.3457116773352 
1665476098.92603 39.053490614176 115.920587169197 -4.36677943635732 
1665476099.12611 39.0534769127923 115.92059431481 -4.38464627228677 
1665476099.32604 39.0534632163065 115.920601380358 -4.3865610472858 
1665476099.52612 39.0534492736577 115.920608497273 -4.42011280078441 
1665476099.72614 39.0534356078273 115.92061551652 -4.43492860160768 
1665476099.92611 39.0534220564683 115.920622358035 -4.46055726148188 
1665476100.12626 39.0534085986967 115.920629285455 -4.43692993279546 
1665476100.32585 39.0533950382816 115.920636227589 -4.47227532975376 
1665476100.52586 39.0533814503479 115.920643386183 -4.48359318450093 
1665476100.72591 39.0533682402294 115.920650171187 -4.48432460054755 
1665476100.9259 39.0533551263071 115.920656947785 -4.48368491791189 
1665476101.12589 39.053342040835 115.920663578712 -4.49003412015736 
1665476101.32584 39.0533289425495 115.920669979243 -4.48717921599746 
1665476101.52585 39.0533157201173 115.920676524316 -4.51083180308342 
1665476101.72606 39.0533025575825 115.920683122276 -4.52981741633266 
1665476101.9259 39.0532895002739 115.920689447956 -4.55927783064544 
1665476102.1258 39.0532765495673 115.920695858363 -4.59362566843629 
1665476102.32572 39.0532636075417 115.92070227592 -4.62454404309392 
1665476102.52572 39.053250879223 115.920708591548 -4.6307688402012 
1665476102.72561 39.0532380249036 115.920714833574 -4.65865340270102 
1665476102.92569 39.0532252614832 115.920721038072 -4.65759104210883 
1665476103.12567 39.0532127198002 115.920727060851 -4.66586541756988 
1665476103.32571 39.0532000633753 115.920733063406 -4.67873537819833 
1665476103.52577 39.053187515664 115.920739139262 -4.69796240143478 
1665476103.72574 39.0531752859516 115.920744869814 -4.71393515449017 
1665476103.92587 39.0531629507253 115.920750894154 -4.73135551903397 
1665476104.1259 39.0531507720406 115.920756980203 -4.72486932110041 
1665476104.32594 39.0531385766554 115.920762826982 -4.72098302096128 
1665476104.52591 39.0531266231036 115.920768668029 -4.74645216390491 
1665476104.72584 39.0531147714501 115.920774414108 -4.76000319048762 
1665476104.92573 39.0531029509528 115.920779871604 -4.76138896960765 
1665476105.12578 39.0530911580361 115.920785483533 -4.78056422434747 
1665476105.32585 39.0530794872828 115.92079124838 -4.77138368040323 
1665476105.52589 39.0530677237847 115.920796732388 -4.77447506505996 
1665476105.72621 39.0530559200216 115.920802218863 -4.77983978018165 
1665476105.92604 39.0530441442656 115.920807703385 -4.77551360428333 
1665476106.1263 39.0530325941726 115.920813024403 -4.79172902181745 
1665476106.32619 39.0530209823158 115.920818312744 -4.79042954184115 
1665476106.52624 39.0530095540756 115.920823331528 -4.78422928694636 
1665476106.72597 39.052998259706 115.920828503246 -4.78331814985722 
1665476106.92622 39.0529867755538 115.920833690277 -4.78615677170455 
1665476107.12608 39.0529754003108 115.920838627165 -4.8029782185331 
1665476107.32604 39.0529638259813 115.920843697237 -4.80606584250927 
1665476107.526 39.0529522169597 115.920849003778 -4.81662429310381 
1665476107.72627 39.0529406359133 115.920854017169 -4.83553847204894 
1665476107.92612 39.0529290162496 115.920858944393 -4.84300904069096 
1665476108.12643 39.0529173680984 115.920864080153 -4.8655772767961 
1665476108.32626 39.0529057610121 115.920869388059 -4.86918592080474 
1665476108.52604 39.0528941655087 115.920874530785 -4.88459358271211 
1665476108.72598 39.0528824746522 115.92087956556 -4.89331298414618 
1665476108.92617 39.0528707312457 115.920884536953 -4.91269178874791 
1665476109.12626 39.0528590558613 115.920889634971 -4.91013853531331 
1665476109.32597 39.0528474991056 115.920894526852 -4.93321742210537 
1665476109.52618 39.0528359961604 115.920899365645 -4.93928788229823 
1665476109.72641 39.0528246324951 115.920904212265 -4.95302127860487 
1665476109.92591 39.0528134432654 115.920909006069 -4.96616196539253 
1665476110.12622 39.0528022726723 115.92091374985 -4.97382347099483 
1665476110.3262 39.0527912615155 115.92091852288 -4.98011657129973 
1665476110.52601 39.0527801952779 115.920923184853 -5.01320160366595 
1665476110.72606 39.0527691725286 115.920927786543 -5.04277600720525 
1665476110.92595 39.0527583746423 115.920932363641 -5.03558225277811 
1665476111.12597 39.0527477492304 115.920936938119 -5.0759210139513 
1665476111.32595 39.0527371761882 115.92094141698 -5.09231432341039 
1665476111.52606 39.0527267704655 115.920945756543 -5.09989803656936 
1665476111.726 39.0527164372945 115.920950346599 -5.12165315076709 
1665476111.926 39.0527062294127 115.920954916812 -5.12475155387074 
1665476112.12599 39.052696354862 115.920959500901 -5.11414097808301 
1665476112.32607 39.0526868054052 115.920964019783 -5.13934260513633 
1665476112.52597 39.0526773614429 115.920968405212 -5.15077378880233 
1665476112.72596 39.0526683024646 115.920972785281 -5.16287819854915 
1665476112.92605 39.0526594696623 115.920977465241 -5.17564363032579 
1665476113.12619 39.0526508053366 115.920982130582 -5.1838232409209 
1665476113.32613 39.0526422403998 115.920986729422 -5.1939457943663 
1665476113.52611 39.0526338139768 115.920991348533 -5.21801042277366 
1665476113.72628 39.05262556051 115.920996335957 -5.21835677605122 
1665476113.9261 39.0526174849089 115.921001487075 -5.2399448081851 
1665476114.22632 39.0526055630877 115.921009029664 -5.25980534218252 
1665476114.5262 39.0525936531908 115.921016479445 -5.29250507988036 
1665476114.82601 39.0525823372717 115.921024314659 -5.31465253699571 
1665476115.12611 39.0525709830121 115.921031546811 -5.33565391786397 
1665476115.42621 39.0525598519493 115.921038861189 -5.37528829183429 
1665476115.72602 39.0525487996187 115.921045840614 -5.39450171589851 
1665476116.02615 39.0525381576444 115.921051972388 -5.43312171380967 
1665476116.32598 39.0525279599875 115.921058237795 -5.45896816719323 
1665476116.62602 39.0525180063081 115.921063554553 -5.48226408939809 
1665476116.92626 39.0525080564588 115.92106828299 -5.50823803804815 
1665476117.22586 39.0524983304728 115.921072370609 -5.5310555389151 
1665476117.52605 39.0524887917652 115.921075706636 -5.56207150127739 
1665476117.8258 39.0524795422512 115.921078331787 -5.5824615303427 
1665476118.12562 39.0524705871808 115.921080208578 -5.61630983930081 
1665476118.52553 39.0524590433383 115.921081469927 -5.63902836758643 
1665476118.9253 39.052448126348 115.921081237876 -5.66219687275589 
1665476119.32529 39.0524384087789 115.921079518515 -5.67841280251741 
1665476119.82524 39.0524279650575 115.921075697148 -5.68836789857596 
1665476120.32527 39.0524192350599 115.921071088315 -5.68556751031429 
1665476120.92515 39.0524103895604 115.921064166752 -5.69145794492215 
1665476121.52471 39.0524033035682 115.92105700514 -5.69841274339706 
1665476122.32487 39.0523967523047 115.921047699351 -5.65789920464158 
1665476123.22498 39.0523916122208 115.921037457267 -5.67724074237049 
1665476124.22497 39.0523877526849 115.921026407905 -5.68913349322975 
1665476125.32508 39.0523852448882 115.921015233084 -5.69240021612495 
1665476126.52533 39.0523842244747 115.921003732412 -5.68382000830024 
1665476127.72493 39.0523853374292 115.920991347185 -5.66992026288062 
1665476128.6253 39.0523885035751 115.920980096226 -5.66691618040204 
1665476129.42542 39.0523937142672 115.92096926972 -5.64646388124675 
1665476130.12511 39.0524002073189 115.920960871667 -5.62185088451952 
1665476130.82502 39.0524080954592 115.920953607177 -5.59997870866209 
1665476131.42506 39.0524167770884 115.920949408086 -5.57374121807516 
1665476132.02505 39.0524258205695 115.920945428799 -5.54234572313726 
1665476132.62527 39.0524363900949 115.920942685327 -5.51590580865741 
1665476133.12537 39.0524462715101 115.920940911587 -5.49287296272814 
1665476133.52536 39.0524553914229 115.92093989494 -5.4818946570158 
1665476133.92546 39.0524657633698 115.920939103701 -5.45478762965649 
1665476134.3254 39.0524771707557 115.920938232113 -5.44516355358064 
1665476134.62541 39.0524862726362 115.92093719438 -5.43019785452634 
1665476134.92545 39.0524955153358 115.920935935792 -5.40855775400996 
1665476135.22528 39.052504730742 115.920934609572 -5.39172593224794 
1665476135.52537 39.0525140736533 115.920932909332 -5.37979906145483 
1665476135.82538 39.0525231370767 115.920931129838 -5.36478077247739 
1665476136.1254 39.0525321036462 115.920929442179 -5.35565757006407 
1665476136.52535 39.0525430736652 115.920927014329 -5.30410732142627 
1665476136.92539 39.0525529104624 115.920924237574 -5.28747497033328 
1665476137.42551 39.0525632653535 115.920921097222 -5.26505310367793 
1665476138.0258 39.0525731407895 115.92091788534 -5.23130679689348 
1665476138.72586 39.0525822706296 115.920914571009 -5.20727474242449 
1665476140.12611 39.0525909429849 115.920911284546 -5.19327269215137 
