1665475722.381854713 39.0520668029785 115.919044494629 3.24000000953674 
1665475722.581871271 39.0520668029785 115.919044494629 3.25 
1665475722.741886037 39.0520668029785 115.919044494629 3.25 
1665475722.981860639 39.0520668029785 115.919044494629 3.25 
1665475723.121942167 39.0520668029785 115.919044494629 3.25 
1665475723.381948975 39.0520668029785 115.919044494629 3.25 
1665475723.581966365 39.0520668029785 115.919044494629 3.25 
1665475723.721934652 39.0520668029785 115.919044494629 3.25 
1665475723.941938349 39.0520668029785 115.919044494629 3.25999999046326 
1665475724.201957092 39.0520668029785 115.919044494629 3.25999999046326 
1665475724.381935175 39.0520668029785 115.919044494629 3.25999999046326 
1665475724.581936844 39.0520668029785 115.919044494629 3.25999999046326 
1665475724.741930362 39.0520668029785 115.919044494629 3.25999999046326 
1665475724.981929942 39.0520668029785 115.919044494629 3.25999999046326 
1665475725.101923228 39.0520668029785 115.919044494629 3.25 
1665475725.381959472 39.0520668029785 115.919044494629 3.25 
1665475725.581934946 39.0520668029785 115.919044494629 3.25 
1665475725.721958045 39.0520668029785 115.919044494629 3.25 
1665475725.981840852 39.0520668029785 115.919044494629 3.25 
1665475726.121853380 39.0520668029785 115.919044494629 3.25 
1665475726.381891369 39.0520668029785 115.919044494629 3.24000000953674 
1665475726.581883429 39.0520668029785 115.919044494629 3.24000000953674 
1665475726.741871031 39.0520668029785 115.919044494629 3.24000000953674 
1665475726.981864536 39.0520668029785 115.919044494629 3.25 
1665475727.101867917 39.0520668029785 115.919044494629 3.25 
1665475727.381855245 39.0520668029785 115.919044494629 3.25 
1665475727.581873821 39.0520668029785 115.919044494629 3.24000000953674 
1665475727.721868559 39.0520668029785 115.919044494629 3.24000000953674 
1665475727.981882955 39.0520668029785 115.919044494629 3.25 
1665475728.121875626 39.0520668029785 115.919044494629 3.24000000953674 
1665475728.381880326 39.0520668029785 115.919044494629 3.24000000953674 
1665475728.581870683 39.0520668029785 115.919044494629 3.24000000953674 
1665475728.741871119 39.0520668029785 115.919044494629 3.25 
1665475728.981874924 39.0520668029785 115.919044494629 3.25 
1665475729.121865546 39.0520668029785 115.919044494629 3.25 
1665475729.321868334 39.0520668029785 115.919044494629 3.25 
1665475729.581868785 39.0520668029785 115.919044494629 3.25 
1665475729.721859019 39.0520668029785 115.919044494629 3.25 
1665475729.941867454 39.0520668029785 115.919044494629 3.25 
1665475730.181877934 39.0520668029785 115.919044494629 3.25 
1665475730.381937980 39.0520668029785 115.919044494629 3.25999999046326 
1665475730.581944189 39.0520668029785 115.919044494629 3.25 
1665475730.741878643 39.0520668029785 115.919044494629 3.25 
1665475730.981876896 39.0520668029785 115.919044494629 3.25999999046326 
1665475731.121867619 39.0520668029785 115.919044494629 3.25999999046326 
1665475731.381969033 39.0520668029785 115.919044494629 3.25 
1665475731.581928428 39.0520668029785 115.919044494629 3.25 
1665475731.701935120 39.0520668029785 115.919044494629 3.25 
1665475731.981874519 39.0520668029785 115.919044494629 3.25 
1665475732.121888913 39.0520668029785 115.919044494629 3.25 
1665475732.381864493 39.0520668029785 115.919044494629 3.25 
1665475732.581875909 39.0520668029785 115.919044494629 3.24000000953674 
1665475732.741860690 39.0520668029785 115.919044494629 3.24000000953674 
1665475732.981923612 39.0520668029785 115.919044494629 3.25 
1665475733.121918687 39.0520668029785 115.919044494629 3.25 
1665475733.381975248 39.0520668029785 115.919044494629 3.24000000953674 
1665475733.581934932 39.0520668029785 115.919044494629 3.24000000953674 
1665475733.721871478 39.0520668029785 115.919044494629 3.24000000953674 
1665475733.981873516 39.0520668029785 115.919044494629 3.24000000953674 
1665475734.121874593 39.0520668029785 115.919044494629 3.25 
1665475734.381872169 39.0520668029785 115.919044494629 3.25 
1665475734.501874454 39.0520668029785 115.919044494629 3.25 
1665475734.741876265 39.0520668029785 115.919044494629 3.25 
1665475734.981879594 39.0520668029785 115.919044494629 3.25 
1665475735.121869817 39.0520668029785 115.919044494629 3.24000000953674 
1665475735.381898958 39.0520668029785 115.919044494629 3.24000000953674 
1665475735.581893614 39.0520668029785 115.919044494629 3.23000001907349 
1665475735.721873756 39.0520668029785 115.919044494629 3.23000001907349 
1665475736.001861878 39.0520668029785 115.919044494629 3.24000000953674 
1665475736.121941676 39.0520668029785 115.919044494629 3.24000000953674 
1665475736.381927136 39.0520668029785 115.919044494629 3.24000000953674 
1665475736.581940755 39.0520668029785 115.919044494629 3.25 
1665475736.741966768 39.0520668029785 115.919044494629 3.24000000953674 
1665475736.981894819 39.0520629882812 115.919044494629 3.24000000953674 
1665475737.101871913 39.0520629882812 115.919036865234 3.25 
1665475737.381874913 39.0520629882812 115.919036865234 3.24000000953674 
1665475737.581879219 39.0520629882812 115.919036865234 3.24000000953674 
1665475737.721880942 39.0520629882812 115.919036865234 3.24000000953674 
1665475737.981881049 39.0520629882812 115.919036865234 3.24000000953674 
1665475738.141865226 39.0520629882812 115.919036865234 3.24000000953674 
1665475738.381878861 39.0520629882812 115.919036865234 3.24000000953674 
1665475738.581894678 39.0520629882812 115.919036865234 3.24000000953674 
1665475738.741880623 39.0520629882812 115.919036865234 3.24000000953674 
1665475738.981927638 39.0520629882812 115.919036865234 3.24000000953674 
1665475739.121979340 39.0520629882812 115.919036865234 3.24000000953674 
1665475739.381871198 39.0520629882812 115.919036865234 3.24000000953674 
1665475739.581874761 39.052059173584 115.91902923584 3.24000000953674 
1665475739.721958629 39.052059173584 115.91902923584 3.23000001907349 
1665475739.981867983 39.052059173584 115.91902923584 3.23000001907349 
1665475740.141877053 39.052059173584 115.91902923584 3.23000001907349 
1665475740.381932319 39.052059173584 115.91902923584 3.23000001907349 
1665475740.581947436 39.052059173584 115.91902923584 3.23000001907349 
1665475740.721922239 39.052059173584 115.91902923584 3.23000001907349 
1665475740.981964927 39.052059173584 115.91902923584 3.23000001907349 
1665475741.181857829 39.0520553588867 115.91902923584 3.23000001907349 
1665475741.381885837 39.0520553588867 115.919021606445 3.23000001907349 
1665475741.581872318 39.0520553588867 115.919021606445 3.23000001907349 
1665475741.801880747 39.0520553588867 115.919021606445 3.24000000953674 
1665475741.941874466 39.0520553588867 115.919021606445 3.24000000953674 
1665475742.141882856 39.0520515441895 115.919021606445 3.25 
1665475742.381873239 39.0520515441895 115.919021606445 3.25999999046326 
1665475742.581867210 39.0520515441895 115.919013977051 3.25 
1665475742.741870131 39.0520477294922 115.919013977051 3.25 
1665475742.981869962 39.0520477294922 115.919013977051 3.25 
1665475743.101867901 39.0520477294922 115.919013977051 3.25 
1665475743.381954543 39.0520439147949 115.919006347656 3.25 
1665475743.581957200 39.0520439147949 115.919006347656 3.25 
1665475743.721945896 39.0520401000977 115.919006347656 3.26999998092651 
1665475743.981950599 39.0520401000977 115.918998718262 3.25999999046326 
1665475744.201894238 39.0520362854004 115.918998718262 3.25999999046326 
1665475744.381930093 39.0520324707031 115.918998718262 3.25999999046326 
1665475744.581870824 39.0520324707031 115.918991088867 3.25999999046326 
1665475744.741894314 39.0520286560059 115.918991088867 3.25999999046326 
1665475744.981872283 39.0520248413086 115.918983459473 3.27999997138977 
1665475745.121869840 39.0520210266113 115.918983459473 3.26999998092651 
1665475745.381880773 39.0520210266113 115.918975830078 3.27999997138977 
1665475745.581874762 39.0520172119141 115.918968200684 3.28999996185303 
1665475745.721870565 39.0520133972168 115.918968200684 3.28999996185303 
1665475745.981942237 39.0520095825195 115.918960571289 3.28999996185303 
1665475746.141940168 39.0520057678223 115.918952941895 3.28999996185303 
1665475746.361867083 39.0519981384277 115.9189453125 3.27999997138977 
1665475746.561874308 39.0519943237305 115.918937683105 3.28999996185303 
1665475746.741881042 39.0519905090332 115.918930053711 3.26999998092651 
1665475746.981873671 39.0519866943359 115.918922424316 3.26999998092651 
1665475747.181870116 39.0519828796387 115.918914794922 3.26999998092651 
1665475747.381870175 39.0519752502441 115.918907165527 3.30999994277954 
1665475747.581857048 39.0519714355469 115.918899536133 3.30999994277954 
1665475747.721861271 39.0519676208496 115.918884277344 3.30999994277954 
1665475747.921867698 39.0519599914551 115.918876647949 3.30999994277954 
1665475748.141943349 39.0519561767578 115.918869018555 3.30999994277954 
1665475748.381872335 39.0519523620605 115.918853759766 3.29999995231628 
1665475748.581932437 39.051944732666 115.918838500977 3.29999995231628 
1665475748.721923689 39.0519409179688 115.918830871582 3.29999995231628 
1665475748.981928417 39.0519371032715 115.918815612793 3.28999996185303 
1665475749.181965234 39.051929473877 115.918800354004 3.28999996185303 
1665475749.381948114 39.0519256591797 115.918785095215 3.28999996185303 
1665475749.581879218 39.0519218444824 115.91877746582 3.26999998092651 
1665475749.721877044 39.0519180297852 115.918762207031 3.26999998092651 
1665475749.981933411 39.0519142150879 115.918746948242 3.25 
1665475750.141860548 39.0519104003906 115.918731689453 3.25 
1665475750.381934574 39.0519065856934 115.918724060059 3.25 
1665475750.581912499 39.0518989562988 115.91870880127 3.24000000953674 
1665475750.741900759 39.0518951416016 115.91869354248 3.24000000953674 
1665475750.981938132 39.0518913269043 115.918678283691 3.23000001907349 
1665475751.181959052 39.051887512207 115.918663024902 3.21000003814697 
1665475751.381874324 39.0518836975098 115.918647766113 3.22000002861023 
1665475751.581855714 39.0518798828125 115.918632507324 3.21000003814697 
1665475751.721870620 39.0518760681152 115.918617248535 3.19000005722046 
1665475751.981963462 39.051872253418 115.918601989746 3.19000005722046 
1665475752.121933503 39.0518684387207 115.918586730957 3.1800000667572 
1665475752.381934386 39.0518646240234 115.918563842773 3.16000008583069 
1665475752.581949072 39.0518569946289 115.918548583984 3.15000009536743 
1665475752.801882411 39.0518531799316 115.918533325195 3.13000011444092 
1665475752.981886246 39.0518493652344 115.918510437012 3.11999988555908 
1665475753.141875985 39.0518455505371 115.918495178223 3.10999989509583 
1665475753.381992993 39.0518379211426 115.918472290039 3.09999990463257 
1665475753.581932325 39.0518341064453 115.918449401855 3.08999991416931 
1665475753.721931593 39.0518264770508 115.918434143066 3.0699999332428 
1665475753.941959120 39.0518226623535 115.918411254883 3.04999995231628 
1665475754.141946853 39.0518188476562 115.918388366699 3.02999997138977 
1665475754.381932525 39.0518112182617 115.918365478516 3.00999999046326 
1665475754.581945438 39.0518074035645 115.918350219727 3 
1665475754.741879465 39.0517997741699 115.918327331543 2.99000000953674 
1665475754.981874468 39.0517959594727 115.918304443359 2.97000002861023 
1665475755.101867632 39.0517883300781 115.918281555176 2.96000003814697 
1665475755.381899425 39.0517845153809 115.918266296387 2.94000005722046 
1665475755.581877065 39.0517807006836 115.918243408203 2.92000007629395 
1665475755.741905664 39.0517730712891 115.91822052002 2.91000008583069 
1665475755.981874581 39.0517692565918 115.918197631836 2.90000009536743 
1665475756.141920976 39.0517654418945 115.918174743652 2.88000011444092 
1665475756.381878477 39.0517578125 115.918151855469 2.85999989509583 
1665475756.581884571 39.0517539978027 115.918128967285 2.83999991416931 
1665475756.781877559 39.0517501831055 115.918113708496 2.82999992370605 
1665475756.981875576 39.0517425537109 115.918090820312 2.80999994277954 
1665475757.141889586 39.0517387390137 115.918067932129 2.77999997138977 
1665475757.381883728 39.0517349243164 115.918045043945 2.77999997138977 
1665475757.581883233 39.0517272949219 115.918022155762 2.75 
1665475757.721923646 39.0517234802246 115.917999267578 2.73000001907349 
1665475757.981930086 39.0517196655273 115.917976379395 2.71000003814697 
1665475758.141895401 39.0517120361328 115.917953491211 2.69000005722046 
1665475758.381926775 39.0517082214355 115.917930603027 2.65000009536743 
1665475758.581938674 39.0517044067383 115.917907714844 2.64000010490417 
1665475758.781942306 39.051700592041 115.917892456055 2.61999988555908 
1665475758.941955980 39.0516967773438 115.917869567871 2.58999991416931 
1665475759.141900566 39.0516929626465 115.917846679688 2.5699999332428 
1665475759.381953481 39.0516891479492 115.917823791504 2.55999994277954 
1665475759.581936400 39.0516815185547 115.91780090332 2.52999997138977 
1665475759.741957636 39.0516777038574 115.917778015137 2.50999999046326 
1665475759.921940398 39.0516738891602 115.917755126953 2.5 
1665475760.141950962 39.0516700744629 115.917739868164 2.48000001907349 
1665475760.381983495 39.0516662597656 115.91771697998 2.46000003814697 
1665475760.581928798 39.0516624450684 115.917694091797 2.45000004768372 
1665475760.781860562 39.0516586303711 115.917671203613 2.4300000667572 
1665475760.981946324 39.0516548156738 115.917655944824 2.42000007629395 
1665475761.141870530 39.0516510009766 115.917633056641 2.40000009536743 
1665475761.341881071 39.0516471862793 115.917610168457 2.38000011444092 
1665475761.521926519 39.051643371582 115.917594909668 2.35999989509583 
1665475761.741886502 39.0516395568848 115.917572021484 2.33999991416931 
1665475761.981953623 39.0516395568848 115.917556762695 2.32999992370605 
1665475762.141876475 39.0516357421875 115.917533874512 2.29999995231628 
1665475762.381938410 39.0516319274902 115.917518615723 2.28999996185303 
1665475762.581927573 39.051628112793 115.917503356934 2.27999997138977 
1665475762.781921095 39.051628112793 115.91748046875 2.25999999046326 
1665475762.981936792 39.0516242980957 115.917465209961 2.25 
1665475763.201938156 39.0516204833984 115.917449951172 2.23000001907349 
1665475763.381934485 39.0516204833984 115.917434692383 2.21000003814697 
1665475763.581942710 39.0516166687012 115.917419433594 2.20000004768372 
1665475763.801999639 39.0516166687012 115.917411804199 2.19000005722046 
1665475763.981879397 39.0516128540039 115.91739654541 2.17000007629395 
1665475764.141878825 39.0516128540039 115.917381286621 2.17000007629395 
1665475764.381858801 39.0516090393066 115.917373657227 2.15000009536743 
1665475764.581948800 39.0516090393066 115.917358398438 2.15000009536743 
1665475764.761956090 39.0516052246094 115.917350769043 2.14000010490417 
1665475764.981928113 39.0516052246094 115.917343139648 2.13000011444092 
1665475765.141977034 39.0516014099121 115.917327880859 2.11999988555908 
1665475765.381889538 39.0516014099121 115.917320251465 2.10999989509583 
1665475765.581938427 39.0515975952148 115.91731262207 2.09999990463257 
1665475765.721933422 39.0515975952148 115.917304992676 2.08999991416931 
1665475765.961931753 39.0515937805176 115.917297363281 2.07999992370605 
1665475766.201926854 39.0515899658203 115.917289733887 2.0699999332428 
1665475766.381894808 39.0515899658203 115.917282104492 2.05999994277954 
1665475766.581876433 39.051586151123 115.917282104492 2.04999995231628 
1665475766.741963402 39.051586151123 115.917274475098 2.03999996185303 
1665475766.981862410 39.051586151123 115.917266845703 2.03999996185303 
1665475767.101894596 39.0515823364258 115.917266845703 2.03999996185303 
1665475767.381867574 39.0515823364258 115.917259216309 2.03999996185303 
1665475767.581945755 39.0515785217285 115.917259216309 2.03999996185303 
1665475767.721871730 39.0515785217285 115.917251586914 2.04999995231628 
1665475767.981900239 39.0515747070312 115.917251586914 2.05999994277954 
1665475768.181879795 39.0515747070312 115.91724395752 2.05999994277954 
1665475768.361878117 39.0515747070312 115.91724395752 2.04999995231628 
1665475768.581874173 39.051570892334 115.917236328125 2.04999995231628 
1665475768.741867603 39.051570892334 115.917236328125 2.05999994277954 
1665475768.981883723 39.0515670776367 115.917236328125 2.05999994277954 
1665475769.121895756 39.0515670776367 115.91722869873 2.05999994277954 
1665475769.381884747 39.0515670776367 115.91722869873 2.04999995231628 
1665475769.581895048 39.0515632629395 115.917221069336 2.03999996185303 
1665475769.721870718 39.0515632629395 115.917221069336 2.03999996185303 
1665475769.981874946 39.0515594482422 115.917221069336 2.03999996185303 
1665475770.141862257 39.0515594482422 115.917213439941 2.03999996185303 
1665475770.381929715 39.0515556335449 115.917213439941 2.03999996185303 
1665475770.581934008 39.0515518188477 115.917205810547 2.03999996185303 
1665475770.761992973 39.0515518188477 115.917205810547 2.02999997138977 
1665475770.981959845 39.0515480041504 115.917198181152 2.01999998092651 
1665475771.141886972 39.0515441894531 115.917198181152 2.00999999046326 
1665475771.381941572 39.0515403747559 115.917198181152 2.00999999046326 
1665475771.581945705 39.0515365600586 115.917190551758 2 
1665475771.721882394 39.0515327453613 115.917190551758 1.99000000953674 
1665475771.921960842 39.0515289306641 115.917182922363 1.98000001907349 
1665475772.181874545 39.0515251159668 115.917182922363 1.97000002861023 
1665475772.381966421 39.0515174865723 115.917182922363 1.96000003814697 
1665475772.581923944 39.051513671875 115.917175292969 1.95000004768372 
1665475772.761942735 39.0515060424805 115.917175292969 1.95000004768372 
1665475772.981905326 39.0515022277832 115.917175292969 1.94000005722046 
1665475773.121960135 39.0514945983887 115.917175292969 1.92999994754791 
1665475773.381927283 39.0514907836914 115.917175292969 1.91999995708466 
1665475773.581876438 39.0514831542969 115.917175292969 1.91999995708466 
1665475773.721929209 39.0514793395996 115.917175292969 1.9099999666214 
1665475773.981934826 39.0514717102051 115.917175292969 1.9099999666214 
1665475774.121938418 39.0514678955078 115.917175292969 1.89999997615814 
1665475774.381934103 39.0514602661133 115.917175292969 1.89999997615814 
1665475774.581944658 39.051456451416 115.917175292969 1.88999998569489 
1665475774.801939099 39.0514488220215 115.917175292969 1.88999998569489 
1665475774.981956342 39.0514450073242 115.917175292969 1.87999999523163 
1665475775.121965076 39.051441192627 115.917175292969 1.87999999523163 
1665475775.381989768 39.0514373779297 115.917175292969 1.87000000476837 
1665475775.581956262 39.0514297485352 115.917175292969 1.87000000476837 
1665475775.721912260 39.0514259338379 115.917182922363 1.86000001430511 
1665475775.981959545 39.0514221191406 115.917182922363 1.86000001430511 
1665475776.121934669 39.0514183044434 115.917182922363 1.86000001430511 
1665475776.301870238 39.0514144897461 115.917182922363 1.86000001430511 
1665475776.581867369 39.0514106750488 115.917182922363 1.86000001430511 
1665475776.781879910 39.0514068603516 115.917182922363 1.8400000333786 
1665475776.981859612 39.0514030456543 115.917182922363 1.83000004291534 
1665475777.121852814 39.051399230957 115.917182922363 1.82000005245209 
1665475777.381865352 39.0513916015625 115.917190551758 1.80999994277954 
1665475777.581936042 39.0513877868652 115.917190551758 1.79999995231628 
1665475777.721882152 39.051383972168 115.917190551758 1.77999997138977 
1665475777.941887492 39.0513801574707 115.917190551758 1.77999997138977 
1665475778.121860774 39.0513763427734 115.917190551758 1.76999998092651 
1665475778.381877862 39.0513763427734 115.917190551758 1.76999998092651 
1665475778.581967822 39.0513725280762 115.917190551758 1.76999998092651 
1665475778.741886276 39.0513687133789 115.917198181152 1.75999999046326 
1665475778.981918867 39.0513648986816 115.917198181152 1.75999999046326 
1665475779.201963074 39.0513610839844 115.917198181152 1.75 
1665475779.381905913 39.0513610839844 115.917198181152 1.74000000953674 
1665475779.581855791 39.0513572692871 115.917198181152 1.74000000953674 
1665475779.721884989 39.0513534545898 115.917198181152 1.74000000953674 
1665475779.981875027 39.0513534545898 115.917198181152 1.74000000953674 
1665475780.161890262 39.0513496398926 115.917205810547 1.74000000953674 
1665475780.381950029 39.0513458251953 115.917205810547 1.74000000953674 
1665475780.581950564 39.0513458251953 115.917205810547 1.75 
1665475780.721982276 39.051342010498 115.917205810547 1.75 
1665475780.981943587 39.051342010498 115.917205810547 1.75 
1665475781.121947452 39.0513381958008 115.917205810547 1.75999999046326 
1665475781.381953392 39.0513381958008 115.917213439941 1.76999998092651 
1665475781.581954725 39.0513381958008 115.917213439941 1.75 
1665475781.721941413 39.0513343811035 115.917213439941 1.73000001907349 
1665475781.981956718 39.0513343811035 115.917213439941 1.70000004768372 
1665475782.121966338 39.0513305664062 115.917221069336 1.69000005722046 
1665475782.381973333 39.0513305664062 115.917221069336 1.67999994754791 
1665475782.581970612 39.051326751709 115.917221069336 1.70000004768372 
1665475782.741975314 39.051326751709 115.91722869873 1.71000003814697 
1665475782.981962209 39.051326751709 115.91722869873 1.71000003814697 
1665475783.181861484 39.051326751709 115.91722869873 1.71000003814697 
1665475783.381964228 39.051326751709 115.91722869873 1.71000003814697 
1665475783.581942494 39.0513229370117 115.91722869873 1.71000003814697 
1665475783.721930651 39.0513229370117 115.917236328125 1.72000002861023 
1665475783.921958011 39.0513229370117 115.917236328125 1.71000003814697 
1665475784.181953163 39.0513229370117 115.917236328125 1.71000003814697 
1665475784.381965707 39.0513229370117 115.917236328125 1.71000003814697 
1665475784.581964131 39.0513229370117 115.917236328125 1.71000003814697 
1665475784.741870451 39.0513229370117 115.91724395752 1.72000002861023 
1665475784.981977601 39.0513229370117 115.91724395752 1.70000004768372 
1665475785.121940168 39.0513229370117 115.91724395752 1.70000004768372 
1665475785.381927277 39.0513229370117 115.91724395752 1.70000004768372 
1665475785.581923489 39.0513191223145 115.91724395752 1.71000003814697 
1665475785.721931811 39.0513191223145 115.917251586914 1.72000002861023 
1665475785.981974215 39.0513191223145 115.917251586914 1.72000002861023 
1665475786.121948906 39.0513191223145 115.917251586914 1.72000002861023 
1665475786.381942724 39.0513191223145 115.917259216309 1.72000002861023 
1665475786.581925328 39.0513191223145 115.917259216309 1.72000002861023 
1665475786.741866907 39.0513191223145 115.917259216309 1.71000003814697 
1665475786.981978953 39.0513191223145 115.917266845703 1.70000004768372 
1665475787.121856129 39.0513191223145 115.917266845703 1.71000003814697 
1665475787.381878114 39.0513191223145 115.917266845703 1.70000004768372 
1665475787.581967686 39.0513191223145 115.917274475098 1.70000004768372 
1665475787.721943660 39.0513191223145 115.917274475098 1.71000003814697 
1665475787.981954341 39.0513191223145 115.917282104492 1.71000003814697 
1665475788.121870617 39.0513191223145 115.917282104492 1.71000003814697 
1665475788.381874738 39.0513191223145 115.917282104492 1.71000003814697 
1665475788.581973665 39.0513191223145 115.917289733887 1.71000003814697 
1665475788.721935286 39.0513191223145 115.917289733887 1.71000003814697 
1665475788.981974209 39.0513191223145 115.917297363281 1.71000003814697 
1665475789.121948830 39.0513191223145 115.917297363281 1.71000003814697 
1665475789.381875190 39.0513191223145 115.917304992676 1.70000004768372 
1665475789.581860523 39.0513191223145 115.917304992676 1.71000003814697 
1665475789.721862804 39.0513191223145 115.91731262207 1.71000003814697 
1665475789.941950207 39.0513191223145 115.91731262207 1.73000001907349 
1665475790.121891317 39.0513191223145 115.91731262207 1.73000001907349 
1665475790.381948802 39.0513191223145 115.917320251465 1.74000000953674 
1665475790.581944066 39.0513191223145 115.917320251465 1.75 
1665475790.741979392 39.0513191223145 115.917327880859 1.74000000953674 
1665475790.981936638 39.0513191223145 115.917327880859 1.75 
1665475791.201935197 39.0513191223145 115.917335510254 1.74000000953674 
1665475791.361930226 39.0513191223145 115.917335510254 1.74000000953674 
1665475791.561925971 39.0513191223145 115.917343139648 1.75999999046326 
1665475791.721870212 39.0513191223145 115.917343139648 1.76999998092651 
1665475791.981941778 39.0513191223145 115.917350769043 1.75999999046326 
1665475792.121937209 39.0513191223145 115.917350769043 1.76999998092651 
1665475792.381943637 39.0513229370117 115.917358398438 1.77999997138977 
1665475792.581936245 39.0513229370117 115.917366027832 1.77999997138977 
1665475792.741972748 39.0513229370117 115.917366027832 1.77999997138977 
1665475792.981930953 39.0513229370117 115.917373657227 1.76999998092651 
1665475793.121974232 39.0513229370117 115.917373657227 1.75999999046326 
1665475793.341956420 39.051326751709 115.917381286621 1.75999999046326 
1665475793.581950874 39.051326751709 115.917388916016 1.76999998092651 
1665475793.721998497 39.051326751709 115.91739654541 1.77999997138977 
1665475793.981889017 39.0513305664062 115.917404174805 1.77999997138977 
1665475794.121865310 39.0513305664062 115.917411804199 1.76999998092651 
1665475794.381888513 39.0513305664062 115.917419433594 1.76999998092651 
1665475794.581964099 39.0513343811035 115.917427062988 1.75999999046326 
1665475794.741944773 39.0513343811035 115.917434692383 1.76999998092651 
1665475794.981948318 39.0513381958008 115.917442321777 1.77999997138977 
1665475795.121954913 39.0513381958008 115.917449951172 1.77999997138977 
1665475795.381972379 39.0513381958008 115.917457580566 1.76999998092651 
1665475795.581990819 39.051342010498 115.917465209961 1.76999998092651 
1665475795.721983695 39.051342010498 115.917472839355 1.78999996185303 
1665475796.001957070 39.0513458251953 115.91748046875 1.79999995231628 
1665475796.181956003 39.0513458251953 115.917488098145 1.80999994277954 
1665475796.381859967 39.0513496398926 115.917495727539 1.80999994277954 
1665475796.581955169 39.0513496398926 115.917503356934 1.79999995231628 
1665475796.741891638 39.0513534545898 115.917510986328 1.78999996185303 
1665475796.981932657 39.0513534545898 115.917526245117 1.78999996185303 
1665475797.121929413 39.0513572692871 115.917533874512 1.80999994277954 
1665475797.381939602 39.0513572692871 115.917541503906 1.80999994277954 
1665475797.581940624 39.0513610839844 115.917549133301 1.80999994277954 
1665475797.721935805 39.0513610839844 115.917556762695 1.83000004291534 
1665475797.981939424 39.0513648986816 115.917572021484 1.83000004291534 
1665475798.121963314 39.0513648986816 115.917579650879 1.82000005245209 
1665475798.381878870 39.0513687133789 115.917587280273 1.83000004291534 
1665475798.581858464 39.0513687133789 115.917594909668 1.80999994277954 
1665475798.741868299 39.0513687133789 115.917602539062 1.82000005245209 
1665475798.981864521 39.0513725280762 115.917617797852 1.82000005245209 
1665475799.121868559 39.0513725280762 115.917625427246 1.83000004291534 
1665475799.381883241 39.0513763427734 115.917633056641 1.83000004291534 
1665475799.581939967 39.0513763427734 115.917640686035 1.83000004291534 
1665475799.721938786 39.0513801574707 115.91764831543 1.8400000333786 
1665475799.981883204 39.0513801574707 115.917655944824 1.8400000333786 
1665475800.201873049 39.0513801574707 115.917671203613 1.8400000333786 
1665475800.381859556 39.051383972168 115.917678833008 1.85000002384186 
1665475800.581965271 39.051383972168 115.917686462402 1.85000002384186 
1665475800.761877409 39.0513877868652 115.917694091797 1.86000001430511 
1665475800.921833405 39.0513877868652 115.917701721191 1.86000001430511 
1665475801.121859386 39.0513877868652 115.917709350586 1.86000001430511 
1665475801.381860857 39.0513916015625 115.91771697998 1.87000000476837 
1665475801.501933779 39.0513916015625 115.917724609375 1.87000000476837 
1665475801.801966343 39.0513954162598 115.917724609375 1.87000000476837 
1665475801.961957759 39.0513954162598 115.91773223877 1.87000000476837 
1665475802.201942631 39.0513954162598 115.917739868164 1.87000000476837 
1665475802.381962853 39.051399230957 115.917747497559 1.87999999523163 
1665475802.581963042 39.051399230957 115.917755126953 1.88999998569489 
1665475802.781984374 39.051399230957 115.917762756348 1.89999997615814 
1665475802.981987560 39.0514030456543 115.917762756348 1.94000005722046 
1665475803.141883247 39.0514030456543 115.917770385742 1.95000004768372 
1665475803.381977796 39.0514068603516 115.917778015137 1.87000000476837 
1665475803.581962678 39.0514068603516 115.917785644531 1.89999997615814 
1665475803.721923377 39.0514068603516 115.917785644531 1.92999994754791 
1665475803.981933400 39.0514068603516 115.917793273926 1.9099999666214 
1665475804.121865781 39.0514106750488 115.91780090332 1.9099999666214 
1665475804.381862243 39.0514106750488 115.917808532715 1.92999994754791 
1665475804.581883447 39.0514106750488 115.917808532715 1.95000004768372 
1665475804.781857803 39.0514144897461 115.917816162109 1.92999994754791 
1665475804.961878836 39.0514144897461 115.917823791504 1.91999995708466 
1665475805.141860246 39.0514144897461 115.917831420898 1.94000005722046 
1665475805.381858574 39.0514144897461 115.917839050293 1.92999994754791 
1665475805.581859004 39.0514183044434 115.917839050293 1.91999995708466 
1665475805.721854592 39.0514183044434 115.917846679688 1.92999994754791 
1665475805.981947267 39.0514183044434 115.917854309082 1.92999994754791 
1665475806.201955071 39.0514221191406 115.917861938477 1.91999995708466 
1665475806.381969485 39.0514221191406 115.917869567871 1.94000005722046 
1665475806.581992528 39.0514221191406 115.917877197266 1.94000005722046 
1665475806.781862397 39.0514259338379 115.91788482666 1.95000004768372 
1665475806.981874106 39.0514259338379 115.917892456055 1.95000004768372 
1665475807.121851742 39.0514297485352 115.917900085449 1.96000003814697 
1665475807.381895542 39.0514297485352 115.917907714844 1.94000005722046 
1665475807.581873531 39.0514297485352 115.917915344238 1.9099999666214 
1665475807.721864732 39.0514335632324 115.917922973633 1.9099999666214 
1665475807.941862526 39.0514335632324 115.917930603027 1.89999997615814 
1665475808.121855522 39.0514373779297 115.917938232422 1.87000000476837 
1665475808.381858393 39.0514373779297 115.917953491211 1.87000000476837 
1665475808.581927002 39.051441192627 115.917961120605 1.85000002384186 
1665475808.741947499 39.051441192627 115.91796875 1.8400000333786 
1665475808.981866450 39.0514450073242 115.917976379395 1.8400000333786 
1665475809.121865789 39.0514450073242 115.917984008789 1.83000004291534 
1665475809.381858760 39.0514488220215 115.917991638184 1.82000005245209 
1665475809.581928844 39.0514526367188 115.918006896973 1.83000004291534 
1665475809.721926313 39.0514526367188 115.918014526367 1.82000005245209 
1665475809.981964408 39.051456451416 115.918022155762 1.79999995231628 
1665475810.121933883 39.0514602661133 115.918029785156 1.77999997138977 
1665475810.381926273 39.0514640808105 115.918037414551 1.75999999046326 
1665475810.581929380 39.0514640808105 115.91805267334 1.74000000953674 
1665475810.741954181 39.0514678955078 115.918060302734 1.73000001907349 
1665475810.981883967 39.0514717102051 115.918067932129 1.72000002861023 
1665475811.121858054 39.0514755249023 115.918075561523 1.66999995708466 
1665475811.381938179 39.0514793395996 115.918090820312 1.63999998569489 
1665475811.581960318 39.0514831542969 115.918098449707 1.61000001430511 
1665475811.721950057 39.0514831542969 115.918113708496 1.5900000333786 
1665475811.981941199 39.0514869689941 115.918121337891 1.54999995231628 
1665475812.181952714 39.0514907836914 115.918128967285 1.5 
1665475812.381930662 39.0514945983887 115.918144226074 1.46000003814697 
1665475812.581930068 39.0514945983887 115.918151855469 1.41999995708466 
1665475812.781933543 39.0514984130859 115.918167114258 1.38999998569489 
1665475812.981940205 39.0515022277832 115.918182373047 1.35000002384186 
1665475813.141955060 39.0515022277832 115.918190002441 1.32000005245209 
1665475813.381928372 39.0515060424805 115.91820526123 1.27999997138977 
1665475813.581940710 39.0515060424805 115.918212890625 1.24000000953674 
1665475813.781980378 39.0515098571777 115.918228149414 1.20000004768372 
1665475813.961949303 39.051513671875 115.918235778809 1.16999995708466 
1665475814.181953136 39.051513671875 115.918251037598 1.11000001430511 
1665475814.361991763 39.0515174865723 115.918266296387 1.04999995231628 
1665475814.561854583 39.0515174865723 115.918273925781 1.00999999046326 
1665475814.781859722 39.0515213012695 115.91828918457 0.959999978542328 
1665475814.981861830 39.0515251159668 115.918304443359 0.910000026226044 
1665475815.101888361 39.0515251159668 115.918312072754 0.860000014305115 
1665475815.321854672 39.0515289306641 115.918327331543 0.829999983310699 
1665475815.581857209 39.0515327453613 115.918342590332 0.779999971389771 
1665475815.741867237 39.0515327453613 115.918350219727 0.740000009536743 
1665475815.981885623 39.0515365600586 115.918365478516 0.689999997615814 
1665475816.161863949 39.0515403747559 115.918380737305 0.649999976158142 
1665475816.361858448 39.0515403747559 115.918388366699 0.610000014305115 
1665475816.561864528 39.0515441894531 115.918403625488 0.560000002384186 
1665475816.761936698 39.0515480041504 115.918418884277 0.519999980926514 
1665475816.961933201 39.0515518188477 115.918434143066 0.479999989271164 
1665475817.101871407 39.0515518188477 115.918441772461 0.430000007152557 
1665475817.361886701 39.0515556335449 115.91845703125 0.389999985694885 
1665475817.561873024 39.0515594482422 115.918472290039 0.349999994039536 
1665475817.721849308 39.0515632629395 115.918479919434 0.280000001192093 
1665475817.961928789 39.0515670776367 115.918495178223 0.239999994635582 
1665475818.121943040 39.051570892334 115.918510437012 0.200000002980232 
1665475818.381945987 39.0515747070312 115.918518066406 0.170000001788139 
1665475818.561960316 39.0515785217285 115.918533325195 0.109999999403954 
1665475818.781931616 39.0515785217285 115.918548583984 0.0500000007450581 
1665475818.961960815 39.0515823364258 115.918563842773 -0.00999999977648258 
1665475819.181957345 39.051586151123 115.918571472168 -0.0500000007450581 
1665475819.361924960 39.0515899658203 115.918586730957 -0.109999999403954 
1665475819.561971635 39.0515937805176 115.918601989746 -0.159999996423721 
1665475819.801964165 39.0515975952148 115.918617248535 -0.209999993443489 
1665475819.981937967 39.0516014099121 115.91862487793 -0.25 
1665475820.161946295 39.0516052246094 115.918640136719 -0.280000001192093 
1665475820.381944593 39.0516090393066 115.918655395508 -0.330000013113022 
1665475820.581960603 39.0516128540039 115.918670654297 -0.400000005960464 
1665475820.781858299 39.0516166687012 115.918678283691 -0.430000007152557 
1665475820.981857658 39.0516204833984 115.91869354248 -0.469999998807907 
1665475821.121856637 39.0516242980957 115.91870880127 -0.519999980926514 
1665475821.381857651 39.051628112793 115.918724060059 -0.560000002384186 
1665475821.561856104 39.0516319274902 115.918731689453 -0.610000014305115 
1665475821.781857324 39.0516357421875 115.918746948242 -0.660000026226044 
1665475821.961856468 39.0516395568848 115.918762207031 -0.709999978542328 
1665475822.181858632 39.051643371582 115.91877746582 -0.759999990463257 
1665475822.381873355 39.0516471862793 115.918785095215 -0.800000011920929 
1665475822.561856145 39.0516510009766 115.918800354004 -0.829999983310699 
1665475822.781856086 39.0516548156738 115.918815612793 -0.889999985694885 
1665475822.961856700 39.0516586303711 115.918830871582 -0.949999988079071 
1665475823.121863802 39.0516624450684 115.918838500977 -1.00999999046326 
1665475823.361855664 39.0516700744629 115.918853759766 -1.05999994277954 
1665475823.561855462 39.0516738891602 115.918869018555 -1.11000001430511 
1665475823.741960463 39.0516777038574 115.918876647949 -1.12999999523163 
1665475823.961860228 39.0516815185547 115.918891906738 -1.1599999666214 
1665475824.181871020 39.051685333252 115.918907165527 -1.22000002861023 
1665475824.361858023 39.0516929626465 115.918914794922 -1.25999999046326 
1665475824.561889461 39.0516967773438 115.918930053711 -1.30999994277954 
1665475824.781957985 39.051700592041 115.918937683105 -1.35000002384186 
1665475824.961927818 39.0517082214355 115.918952941895 -1.41999995708466 
1665475825.181934444 39.0517120361328 115.918960571289 -1.42999994754791 
1665475825.361857134 39.0517158508301 115.918975830078 -1.46000003814697 
1665475825.561858411 39.0517234802246 115.918983459473 -1.49000000953674 
1665475825.781947354 39.0517272949219 115.918998718262 -1.47000002861023 
1665475825.961938749 39.0517311096191 115.918998718262 -1.50999999046326 
