1661569582.602303028 39.0516089 115.9177547 -7.247 
1661569582.796181201 39.0516118 115.9177681 -7.251 
1661569583.005376815 39.0516146 115.9177813 -7.245 
1661569583.191742658 39.0516174 115.9177946 -7.227 
1661569583.410180091 39.0516202 115.9178078 -7.216 
1661569583.571999073 39.051623 115.9178211 -7.205 
1661569583.800001859 39.0516257 115.9178343 -7.193 
1661569583.976613521 39.0516284 115.9178475 -7.183 
1661569584.207879781 39.0516312 115.9178608 -7.178 
1661569584.409750223 39.0516339 115.917874 -7.163 
1661569584.601991176 39.0516367 115.9178872 -7.153 
1661569584.793866634 39.0516395 115.9179005 -7.142 
1661569585.001571655 39.0516422 115.9179137 -7.128 
1661569585.184237241 39.0516449 115.9179271 -7.109 
1661569585.385250329 39.0516478 115.9179403 -7.094 
1661569585.603210926 39.0516505 115.9179535 -7.077 
1661569585.793367624 39.0516534 115.9179668 -7.076 
1661569585.961100578 39.0516562 115.9179801 -7.058 
1661569586.189994812 39.0516591 115.9179934 -7.04 
1661569586.383567571 39.0516619 115.9180067 -7.02 
1661569586.601300001 39.0516649 115.9180199 -7.01 
1661569586.799057245 39.0516678 115.9180332 -6.996 
1661569586.999792337 39.0516708 115.9180466 -6.993 
1661569587.185718536 39.0516738 115.9180598 -6.981 
1661569587.401004791 39.0516767 115.9180731 -6.962 
1661569587.566719293 39.0516797 115.9180864 -6.944 
1661569587.728289365 39.0516828 115.9180996 -6.946 
1661569587.974644184 39.0516859 115.9181128 -6.945 
1661569588.115826368 39.051689 115.918126 -6.925 
1661569588.401094675 39.0516921 115.9181392 -6.909 
1661569588.600102186 39.0516952 115.9181524 -6.906 
1661569588.790583848 39.0516983 115.9181655 -6.893 
1661569589.005089521 39.0517015 115.9181787 -6.877 
1661569589.206984281 39.0517047 115.9181919 -6.857 
1661569589.373122930 39.0517079 115.918205 -6.863 
1661569589.584234237 39.0517111 115.9182181 -6.842 
1661569589.792284965 39.0517143 115.9182312 -6.821 
1661569589.999218463 39.0517174 115.9182443 -6.805 
1661569590.198930263 39.0517206 115.9182572 -6.785 
1661569590.403204917 39.0517236 115.9182701 -6.77 
1661569590.599505901 39.0517268 115.9182828 -6.762 
1661569590.791589260 39.0517299 115.9182953 -6.748 
1661569591.001535177 39.0517328 115.918308 -6.74 
1661569591.185073137 39.051736 115.9183204 -6.742 
1661569591.403345823 39.0517392 115.9183326 -6.741 
1661569591.562562465 39.0517422 115.9183449 -6.719 
1661569591.793508052 39.0517453 115.918357 -6.724 
1661569592.001309871 39.0517484 115.9183691 -6.725 
1661569592.191270351 39.0517516 115.918381 -6.709 
1661569592.392693042 39.0517544 115.9183931 -6.704 
1661569592.600067615 39.0517574 115.9184051 -6.697 
1661569592.793768644 39.0517604 115.9184169 -6.683 
1661569592.999197006 39.0517636 115.9184288 -6.68 
1661569593.183528661 39.0517665 115.9184406 -6.678 
1661569593.353116989 39.0517696 115.9184524 -6.676 
1661569593.571430683 39.0517725 115.9184642 -6.665 
1661569593.791764736 39.0517754 115.9184759 -6.651 
1661569594.000420331 39.0517785 115.9184876 -6.642 
1661569594.187961339 39.0517815 115.9184991 -6.644 
1661569594.400029659 39.0517844 115.9185109 -6.609 
1661569594.600258350 39.0517874 115.9185225 -6.608 
1661569594.790281534 39.0517905 115.918534 -6.616 
1661569594.970903396 39.0517934 115.9185456 -6.582 
1661569595.144376516 39.0517965 115.9185573 -6.589 
1661569595.368226766 39.0517996 115.918569 -6.588 
1661569595.601113796 39.0518026 115.9185808 -6.561 
1661569595.795539379 39.0518058 115.9185923 -6.568 
1661569595.997298717 39.0518089 115.9186039 -6.557 
1661569596.197842836 39.051812 115.9186154 -6.553 
1661569596.403549909 39.051815 115.9186268 -6.548 
1661569596.601127862 39.0518181 115.9186381 -6.546 
1661569596.791777849 39.0518211 115.9186494 -6.535 
1661569596.967453241 39.0518242 115.9186607 -6.528 
1661569597.185194730 39.0518273 115.9186719 -6.518 
1661569597.401352167 39.0518304 115.9186832 -6.518 
1661569597.602463483 39.0518335 115.9186944 -6.515 
1661569597.790042638 39.0518365 115.9187056 -6.506 
1661569598.000504255 39.0518396 115.9187168 -6.491 
1661569598.190384626 39.0518426 115.9187278 -6.485 
1661569598.329502105 39.0518457 115.9187391 -6.483 
1661569598.577596902 39.0518488 115.9187502 -6.48 
1661569598.792572498 39.0518519 115.9187615 -6.477 
1661569599.001605033 39.0518549 115.9187726 -6.469 
1661569599.112242221 39.051858 115.9187838 -6.469 
1661569599.401685476 39.0518612 115.918795 -6.464 
1661569599.600482702 39.0518642 115.9188062 -6.454 
1661569599.792970657 39.0518673 115.9188174 -6.45 
1661569600.001590013 39.0518704 115.9188286 -6.443 
1661569600.191263914 39.0518735 115.9188398 -6.447 
1661569600.401549577 39.0518767 115.918851 -6.446 
1661569600.602873563 39.0518798 115.9188623 -6.44 
1661569600.792903423 39.0518829 115.9188734 -6.44 
1661569600.964567184 39.0518861 115.9188847 -6.429 
1661569601.172635078 39.0518892 115.9188959 -6.426 
1661569601.399651050 39.0518924 115.9189073 -6.417 
1661569601.601150274 39.0518957 115.9189186 -6.403 
1661569601.713351964 39.051899 115.91893 -6.401 
1661569602.002828598 39.0519024 115.9189415 -6.398 
1661569602.200408458 39.0519058 115.9189532 -6.388 
1661569602.403433561 39.0519094 115.918965 -6.387 
1661569602.601867198 39.0519131 115.918977 -6.376 
1661569602.792572498 39.0519169 115.9189891 -6.364 
1661569602.983136653 39.0519208 115.9190014 -6.363 
1661569603.184361934 39.0519247 115.9190139 -6.355 
1661569603.327732563 39.0519287 115.9190265 -6.344 
1661569603.521739482 39.0519328 115.9190392 -6.348 
1661569603.702057838 39.051937 115.9190519 -6.347 
1661569603.922597169 39.0519413 115.9190649 -6.345 
1661569604.192528963 39.0519458 115.9190779 -6.34 
1661569604.313426971 39.0519503 115.9190909 -6.34 
1661569604.572838544 39.0519548 115.9191041 -6.344 
1661569604.717107534 39.0519594 115.9191175 -6.344 
1661569604.948885679 39.0519641 115.9191309 -6.339 
1661569605.181441307 39.0519687 115.9191443 -6.342 
1661569605.401833295 39.0519733 115.9191579 -6.336 
1661569605.601771116 39.051978 115.9191715 -6.331 
1661569605.794549226 39.0519827 115.9191853 -6.318 
1661569605.999724864 39.0519874 115.919199 -6.31 
1661569606.112367868 39.051992 115.9192129 -6.302 
1661569606.399785518 39.0519967 115.9192267 -6.294 
1661569606.600898742 39.0520015 115.9192407 -6.29 
1661569606.795474290 39.0520063 115.9192546 -6.286 
1661569606.973831653 39.052011 115.9192687 -6.285 
1661569607.112999916 39.0520156 115.9192827 -6.276 
1661569607.372937917 39.0520203 115.9192969 -6.274 
1661569607.603298187 39.052025 115.9193112 -6.265 
1661569607.784356832 39.0520296 115.9193257 -6.254 
1661569608.001398801 39.0520343 115.9193402 -6.253 
1661569608.204544305 39.052039 115.9193547 -6.264 
1661569608.409561872 39.0520436 115.9193693 -6.27 
1661569608.603380203 39.0520481 115.9193839 -6.278 
1661569608.800815582 39.0520527 115.9193987 -6.286 
1661569609.004586696 39.0520574 115.9194136 -6.291 
1661569609.184711456 39.0520621 115.9194286 -6.28 
1661569609.404285192 39.0520667 115.9194437 -6.264 
1661569609.602099657 39.0520713 115.9194589 -6.267 
1661569609.803049325 39.052076 115.9194743 -6.259 
1661569609.973375797 39.0520807 115.9194898 -6.249 
1661569610.139964818 39.0520855 115.9195055 -6.246 
1661569610.311608552 39.0520902 115.9195213 -6.245 
1661569610.604659795 39.0520949 115.9195372 -6.223 
1661569610.744061231 39.0520998 115.9195532 -6.217 
1661569610.976158142 39.0521046 115.9195693 -6.2 
1661569611.184653759 39.0521094 115.9195854 -6.187 
1661569611.401101350 39.0521142 115.9196015 -6.181 
1661569611.522597074 39.0521189 115.9196175 -6.159 
1661569611.702407121 39.0521237 115.9196333 -6.17 
1661569611.923152923 39.0521283 115.9196492 -6.159 
1661569612.179857969 39.052133 115.919665 -6.154 
1661569612.329716444 39.0521376 115.9196807 -6.149 
1661569612.526346921 39.0521422 115.9196964 -6.15 
1661569612.702166318 39.0521468 115.9197122 -6.145 
1661569612.925787448 39.0521515 115.9197279 -6.157 
1661569613.174103736 39.052156 115.9197437 -6.154 
1661569613.325591564 39.0521605 115.9197596 -6.141 
1661569613.522423744 39.0521651 115.9197755 -6.143 
1661569613.702934741 39.0521697 115.9197913 -6.144 
1661569613.921961545 39.0521741 115.919807 -6.144 
1661569614.198657274 39.0521785 115.9198225 -6.14 
1661569614.330552816 39.0521828 115.9198379 -6.133 
1661569614.526922464 39.0521871 115.9198532 -6.131 
1661569614.702288389 39.0521914 115.9198684 -6.13 
1661569614.924128532 39.0521956 115.9198835 -6.129 
1661569615.184775114 39.0521997 115.9198986 -6.126 
1661569615.402189254 39.0522038 115.9199136 -6.122 
1661569615.601796388 39.0522079 115.9199285 -6.119 
1661569615.791724443 39.052212 115.9199434 -6.115 
1661569616.001912593 39.0522161 115.9199583 -6.11 
1661569616.112481117 39.0522202 115.9199731 -6.112 
1661569616.387689113 39.0522242 115.9199879 -6.104 
1661569616.526682138 39.0522283 115.920003 -6.101 
1661569616.732560157 39.0522326 115.9200182 -6.101 
1661569616.970983505 39.052237 115.9200337 -6.09 
1661569617.184257984 39.0522414 115.9200494 -6.09 
1661569617.325117588 39.052246 115.9200655 -6.09 
1661569617.497034788 39.0522507 115.9200817 -6.086 
1661569617.733171701 39.0522555 115.9200981 -6.084 
1661569617.971404552 39.0522603 115.920115 -6.078 
1661569618.189373970 39.0522651 115.920132 -6.069 
1661569618.378910541 39.0522698 115.9201493 -6.063 
1661569618.501587390 39.0522746 115.9201668 -6.062 
1661569618.783710241 39.0522792 115.9201845 -6.066 
1661569619.001400470 39.0522838 115.9202024 -6.074 
1661569619.185820579 39.0522884 115.9202205 -6.078 
1661569619.399940490 39.0522929 115.9202387 -6.086 
1661569619.600918292 39.0522972 115.9202569 -6.073 
1661569619.794375658 39.0523015 115.920275 -6.08 
1661569620.004279375 39.0523057 115.920293 -6.078 
1661569620.206058502 39.0523097 115.920311 -6.081 
1661569620.391106605 39.0523138 115.9203286 -6.096 
1661569620.567564010 39.0523176 115.9203458 -6.088 
1661569620.796041011 39.0523214 115.9203629 -6.096 
1661569620.966751337 39.052325 115.9203796 -6.101 
1661569621.183747291 39.0523286 115.9203961 -6.093 
1661569621.401935338 39.0523321 115.9204123 -6.092 
1661569621.602993488 39.0523356 115.9204283 -6.102 
1661569621.792911529 39.052339 115.9204445 -6.101 
1661569622.001557826 39.0523424 115.9204604 -6.1 
1661569622.189437150 39.0523458 115.9204762 -6.106 
1661569622.392095327 39.0523491 115.920492 -6.11 
1661569622.577961683 39.0523524 115.9205078 -6.11 
1661569622.712841033 39.0523557 115.9205235 -6.106 
1661569622.907013893 39.0523591 115.9205392 -6.111 
1661569623.181683301 39.0523624 115.9205548 -6.119 
1661569623.375370264 39.0523655 115.9205704 -6.118 
1661569623.574932575 39.0523687 115.9205858 -6.131 
1661569623.794885873 39.0523717 115.9206011 -6.128 
1661569623.964722394 39.0523747 115.9206162 -6.135 
1661569624.190448999 39.0523775 115.920631 -6.132 
1661569624.391273498 39.0523803 115.9206458 -6.142 
1661569624.601302623 39.052383 115.9206604 -6.143 
1661569624.790901660 39.0523856 115.9206747 -6.147 
1661569625.000809907 39.052388 115.9206889 -6.149 
1661569625.182210206 39.0523904 115.920703 -6.142 
1661569625.371800899 39.0523928 115.9207168 -6.138 
1661569625.574500083 39.0523951 115.9207304 -6.134 
1661569625.732843160 39.0523973 115.9207437 -6.138 
1661569625.971324443 39.0523994 115.9207567 -6.142 
1661569626.196864604 39.0524015 115.9207694 -6.146 
1661569626.342161417 39.0524035 115.9207819 -6.153 
1661569626.580785512 39.0524054 115.9207941 -6.161 
1661569626.792158365 39.0524073 115.9208059 -6.167 
1661569626.974020719 39.0524091 115.9208176 -6.179 
1661569627.183692455 39.0524109 115.9208289 -6.184 
1661569627.402778387 39.0524127 115.9208402 -6.2 
1661569627.601866245 39.0524144 115.9208513 -6.214 
1661569627.791402578 39.052416 115.9208621 -6.211 
1661569628.000262737 39.0524175 115.920873 -6.207 
1661569628.194520235 39.0524191 115.9208836 -6.216 
1661569628.385435342 39.0524207 115.9208939 -6.216 
1661569628.600272655 39.0524223 115.920904 -6.214 
1661569628.792978286 39.0524238 115.9209137 -6.233 
1661569629.000930786 39.0524253 115.9209228 -6.23 
1661569629.185719966 39.0524269 115.9209316 -6.228 
1661569629.403676271 39.0524285 115.92094 -6.234 
1661569629.601561784 39.0524303 115.9209481 -6.24 
1661569629.792685270 39.0524323 115.9209556 -6.239 
1661569629.938377380 39.0524346 115.9209627 -6.231 
1661569630.190882444 39.0524371 115.9209692 -6.231 
1661569630.375655651 39.0524399 115.9209752 -6.227 
1661569630.603242397 39.0524432 115.9209805 -6.227 
1661569630.795703649 39.0524468 115.9209851 -6.233 
1661569631.001026868 39.0524506 115.9209891 -6.224 
1661569631.184629440 39.0524546 115.9209928 -6.221 
1661569631.403187036 39.0524588 115.9209956 -6.224 
1661569631.601380825 39.0524632 115.9209978 -6.227 
1661569631.796863794 39.0524677 115.9209994 -6.233 
1661569631.999905109 39.0524722 115.9210005 -6.229 
1661569632.127230405 39.0524768 115.9210009 -6.226 
1661569632.403380155 39.0524813 115.9210005 -6.22 
1661569632.602372407 39.0524857 115.9209994 -6.218 
1661569632.794729232 39.0524899 115.9209977 -6.222 
1661569633.002946853 39.052494 115.9209954 -6.232 
1661569633.181375503 39.0524978 115.9209925 -6.236 
1661569633.400897979 39.0525013 115.920989 -6.239 
1661569633.601172924 39.0525045 115.9209849 -6.238 
1661569633.792012691 39.0525073 115.9209804 -6.246 
1661569634.000863790 39.0525099 115.9209756 -6.254 
1661569634.127828836 39.052512 115.9209703 -6.242 
1661569634.391861915 39.0525137 115.9209646 -6.252 
1661569634.600720167 39.0525149 115.9209585 -6.261 
1661569634.725695133 39.0525159 115.9209522 -6.267 
1661569634.974661350 39.0525163 115.9209457 -6.27 
1661569635.184767246 39.0525164 115.9209389 -6.274 
1661569635.402330875 39.0525161 115.9209318 -6.279 
1661569635.600210905 39.0525155 115.9209246 -6.282 
1661569635.793617963 39.0525144 115.9209173 -6.279 
1661569636.000440597 39.052513 115.9209098 -6.282 
1661569636.179128408 39.0525113 115.9209022 -6.28 
1661569636.403543233 39.0525093 115.9208945 -6.281 
1661569636.602109670 39.052507 115.9208864 -6.275 
1661569636.795552015 39.0525045 115.9208782 -6.278 
1661569637.000059843 39.0525017 115.9208699 -6.268 
1661569637.184892416 39.0524986 115.9208613 -6.264 
1661569637.400817394 39.0524954 115.9208523 -6.267 
1661569637.601498126 39.052492 115.9208431 -6.276 
1661569637.796264410 39.0524885 115.9208334 -6.274 
1661569638.000495672 39.0524849 115.9208232 -6.272 
1661569638.204692363 39.0524811 115.9208129 -6.282 
1661569638.402823925 39.0524772 115.9208022 -6.283 
1661569638.579218864 39.0524733 115.9207911 -6.28 
1661569638.798940420 39.0524693 115.9207797 -6.282 
1661569639.002040386 39.0524652 115.920768 -6.285 
1661569639.183581352 39.0524612 115.920756 -6.283 
1661569639.402731657 39.0524572 115.9207437 -6.268 
1661569639.600862741 39.0524532 115.920731 -6.259 
1661569639.791506290 39.0524493 115.9207181 -6.246 
1661569639.976713418 39.0524455 115.9207047 -6.23 
1661569640.191088914 39.0524417 115.9206912 -6.213 
1661569640.397171258 39.0524379 115.9206774 -6.194 
1661569640.600251674 39.0524342 115.9206633 -6.175 
1661569640.780678749 39.0524305 115.9206489 -6.153 
1661569641.001847982 39.0524268 115.9206343 -6.142 
1661569641.205546140 39.052423 115.9206195 -6.128 
1661569641.403219461 39.0524195 115.9206044 -6.149 
1661569641.602572441 39.0524159 115.9205889 -6.144 
1661569641.791101694 39.0524124 115.9205733 -6.141 
1661569641.950131177 39.0524089 115.9205574 -6.146 
1661569642.186599969 39.0524054 115.9205414 -6.141 
1661569642.400983095 39.0524018 115.9205251 -6.136 
1661569642.574231863 39.0523983 115.9205085 -6.128 
1661569642.700336456 39.0523949 115.9204919 -6.132 
1661569642.921930789 39.0523914 115.9204753 -6.137 
1661569643.182805538 39.0523878 115.9204586 -6.14 
1661569643.402314424 39.0523842 115.920442 -6.14 
1661569643.601023197 39.0523806 115.9204252 -6.157 
1661569643.791389703 39.052377 115.9204085 -6.145 
1661569643.940577745 39.0523734 115.9203916 -6.149 
1661569644.168467760 39.0523698 115.9203747 -6.146 
1661569644.400336027 39.0523661 115.9203577 -6.142 
1661569644.519023895 39.0523623 115.9203407 -6.14 
1661569644.783750295 39.0523586 115.9203238 -6.13 
1661569644.999310493 39.0523547 115.9203068 -6.138 
1661569645.182911634 39.052351 115.9202899 -6.132 
1661569645.400215148 39.0523472 115.920273 -6.128 
1661569645.600355863 39.0523435 115.9202562 -6.12 
1661569645.791059732 39.0523396 115.9202394 -6.111 
1661569645.950929164 39.0523357 115.9202227 -6.096 
1661569646.189304590 39.0523319 115.9202059 -6.102 
1661569646.390460014 39.052328 115.9201891 -6.101 
1661569646.601228952 39.052324 115.9201724 -6.094 
1661569646.790310382 39.0523201 115.9201557 -6.095 
1661569647.000319242 39.0523161 115.9201389 -6.103 
1661569647.182684183 39.052312 115.9201221 -6.113 
1661569647.395239591 39.0523079 115.9201055 -6.108 
1661569647.601839065 39.0523038 115.9200888 -6.106 
1661569647.706914901 39.0522997 115.9200722 -6.113 
1661569647.942826271 39.0522956 115.9200556 -6.118 
1661569648.185444831 39.0522914 115.920039 -6.113 
1661569648.400931835 39.0522872 115.9200225 -6.113 
1661569648.600903987 39.052283 115.9200061 -6.115 
1661569648.789899110 39.0522788 115.9199897 -6.108 
1661569649.000409603 39.0522744 115.9199733 -6.108 
1661569649.182964324 39.0522701 115.9199571 -6.103 
1661569649.400434017 39.0522657 115.9199409 -6.103 
1661569649.600664615 39.0522614 115.9199247 -6.102 
1661569649.791231632 39.0522568 115.9199086 -6.099 
1661569649.923221588 39.0522524 115.9198926 -6.103 
1661569650.196197271 39.0522479 115.9198766 -6.093 
1661569650.328192472 39.0522435 115.9198606 -6.094 
1661569650.520305633 39.052239 115.9198447 -6.092 
1661569650.701031208 39.0522345 115.9198287 -6.102 
1661569650.927263498 39.0522298 115.9198127 -6.102 
1661569651.182938575 39.0522253 115.919797 -6.107 
1661569651.328968286 39.0522208 115.9197813 -6.122 
1661569651.534480094 39.0522164 115.9197657 -6.132 
1661569651.729122638 39.052212 115.9197503 -6.135 
1661569651.957957029 39.0522076 115.9197351 -6.137 
1661569652.190050840 39.0522033 115.9197201 -6.154 
1661569652.395918607 39.052199 115.9197053 -6.148 
1661569652.534395456 39.0521947 115.9196905 -6.154 
1661569652.731833934 39.0521904 115.9196759 -6.153 
1661569652.969130754 39.0521862 115.9196614 -6.153 
1661569653.181500673 39.052182 115.9196472 -6.145 
1661569653.381633758 39.0521779 115.9196331 -6.143 
1661569653.545788764 39.0521739 115.9196192 -6.139 
1661569653.787634134 39.0521698 115.9196054 -6.14 
1661569653.973847866 39.0521657 115.9195918 -6.142 
1661569654.184728145 39.0521616 115.9195782 -6.155 
1661569654.363338232 39.0521576 115.9195649 -6.16 
1661569654.560883760 39.0521537 115.9195519 -6.161 
1661569654.701005935 39.0521498 115.9195388 -6.176 
1661569654.938499689 39.0521459 115.9195259 -6.188 
1661569655.177203655 39.052142 115.919513 -6.198 
1661569655.400325059 39.0521381 115.9195003 -6.2 
1661569655.599717617 39.0521342 115.9194875 -6.199 
1661569655.746131181 39.0521304 115.9194748 -6.201 
1661569655.976235628 39.0521266 115.9194622 -6.207 
1661569656.201243400 39.0521228 115.9194496 -6.212 
1661569656.400399923 39.052119 115.9194371 -6.213 
1661569656.600659132 39.0521151 115.9194246 -6.212 
1661569656.790940523 39.0521112 115.9194121 -6.214 
1661569656.973247289 39.0521073 115.9193997 -6.222 
1661569657.181199312 39.0521034 115.9193874 -6.235 
1661569657.399717330 39.0520995 115.919375 -6.24 
1661569657.599821329 39.0520956 115.9193627 -6.238 
1661569657.783181667 39.052092 115.9193504 -6.233 
1661569657.999377489 39.0520881 115.9193381 -6.227 
1661569658.190673589 39.052084 115.9193258 -6.229 
1661569658.388323783 39.0520802 115.9193133 -6.222 
1661569658.599372863 39.052076 115.9193009 -6.216 
1661569658.795503854 39.0520719 115.9192884 -6.236 
1661569658.997471809 39.0520676 115.9192758 -6.258 
1661569659.183247089 39.0520636 115.919263 -6.263 
1661569659.401828289 39.0520594 115.9192502 -6.276 
1661569659.579339742 39.0520549 115.9192371 -6.289 
1661569659.737007617 39.0520505 115.9192236 -6.286 
1661569659.971402406 39.0520462 115.9192101 -6.291 
1661569660.192470073 39.0520418 115.9191965 -6.31 
1661569660.323855161 39.0520373 115.9191826 -6.326 
1661569660.520805120 39.0520328 115.9191686 -6.333 
1661569660.788031578 39.0520283 115.9191544 -6.34 
1661569660.998208999 39.0520238 115.91914 -6.338 
1661569661.173831224 39.0520192 115.9191256 -6.338 
1661569661.397891044 39.0520147 115.9191109 -6.338 
1661569661.597930431 39.0520101 115.9190962 -6.339 
1661569661.780022382 39.0520053 115.9190812 -6.343 
1661569661.997618675 39.0520005 115.9190662 -6.345 
1661569662.196123361 39.0519958 115.9190511 -6.349 
1661569662.398649692 39.0519909 115.9190358 -6.364 
1661569662.596357107 39.0519861 115.9190203 -6.368 
1661569662.796541452 39.0519812 115.9190048 -6.372 
1661569662.998747587 39.0519763 115.918989 -6.381 
1661569663.182682514 39.0519713 115.9189731 -6.384 
1661569663.398858547 39.0519663 115.9189571 -6.387 
1661569663.597993135 39.0519614 115.918941 -6.392 
1661569663.789244174 39.0519564 115.9189247 -6.404 
1661569663.905182361 39.0519514 115.9189082 -6.406 
1661569664.194026947 39.0519463 115.9188916 -6.403 
1661569664.395318984 39.0519413 115.9188749 -6.419 
1661569664.599798202 39.0519361 115.9188581 -6.424 
1661569664.789525985 39.0519311 115.9188411 -6.438 
1661569664.998277425 39.0519259 115.9188239 -6.435 
1661569665.181082725 39.0519208 115.9188066 -6.446 
1661569665.327602386 39.0519156 115.9187891 -6.45 
1661569665.520443439 39.0519105 115.9187716 -6.464 
1661569665.698762893 39.0519053 115.9187541 -6.472 
1661569665.923050642 39.0519002 115.9187364 -6.478 
1661569666.184978246 39.0518952 115.9187187 -6.485 
1661569666.321679115 39.0518901 115.9187009 -6.499 
1661569666.519736051 39.051885 115.9186832 -6.517 
1661569666.699244737 39.05188 115.9186654 -6.524 
1661569666.920892715 39.051875 115.9186476 -6.539 
1661569667.182877302 39.0518702 115.9186298 -6.544 
1661569667.326447963 39.0518654 115.9186119 -6.546 
1661569667.531702756 39.0518605 115.918594 -6.559 
1661569667.693610668 39.0518557 115.9185762 -6.554 
1661569667.922279357 39.0518509 115.9185583 -6.58 
1661569668.194040298 39.0518461 115.9185406 -6.599 
1661569668.398864746 39.0518415 115.9185229 -6.615 
1661569668.598340272 39.0518371 115.9185053 -6.609 
1661569668.785480260 39.0518326 115.9184881 -6.626 
1661569668.967388629 39.0518283 115.9184711 -6.628 
1661569669.182301282 39.051824 115.9184543 -6.634 
1661569669.327181339 39.0518198 115.9184377 -6.645 
1661569669.520642757 39.0518156 115.9184214 -6.681 
1661569669.703862428 39.0518116 115.9184052 -6.698 
1661569669.972360610 39.0518076 115.918389 -6.7 
1661569670.185076951 39.0518036 115.9183729 -6.702 
1661569670.306525707 39.0517996 115.9183567 -6.734 
1661569670.547383308 39.0517956 115.9183407 -6.749 
1661569670.786394596 39.0517918 115.9183245 -6.756 
1661569670.955122470 39.051788 115.9183085 -6.744 
1661569671.173808336 39.0517841 115.9182925 -6.771 
1661569671.335508584 39.0517804 115.9182765 -6.801 
1661569671.554320573 39.0517766 115.9182604 -6.79 
1661569671.786187410 39.0517729 115.9182444 -6.799 
1661569671.934639453 39.0517691 115.9182283 -6.814 
1661569672.178348541 39.0517653 115.9182123 -6.839 
1661569672.399638891 39.0517617 115.9181961 -6.83 
1661569672.519089221 39.051758 115.9181801 -6.847 
1661569672.699917078 39.0517544 115.9181641 -6.865 
1661569672.967779159 39.0517508 115.918148 -6.892 
1661569673.179869413 39.0517472 115.918132 -6.904 
1661569673.373107910 39.0517437 115.918116 -6.906 
1661569673.523174047 39.0517402 115.9181 -6.914 
1661569673.727835178 39.0517366 115.918084 -6.923 
1661569673.968926191 39.051733 115.9180678 -6.937 
1661569674.191508054 39.0517296 115.9180519 -6.951 
1661569674.360074520 39.0517261 115.9180359 -6.97 
1661569674.578161478 39.0517226 115.9180198 -6.984 
1661569674.699869632 39.0517191 115.9180037 -6.999 
1661569674.935849189 39.0517156 115.9179877 -7.022 
1661569675.174744606 39.0517122 115.9179719 -7.053 
1661569675.335984468 39.0517089 115.9179558 -7.089 
1661569675.556125164 39.0517054 115.9179398 -7.094 
1661569675.701111555 39.0517019 115.9179237 -7.104 
1661569675.963775157 39.0516986 115.9179078 -7.116 
1661569676.105567693 39.0516951 115.9178918 -7.121 
1661569676.392520666 39.0516918 115.9178757 -7.141 
1661569676.520327091 39.0516886 115.9178597 -7.15 
1661569676.780438899 39.0516854 115.9178436 -7.162 
1661569676.999868392 39.0516821 115.9178277 -7.182 
1661569677.182171344 39.0516787 115.9178117 -7.199 
1661569677.307922840 39.0516755 115.9177958 -7.21 
1661569677.602182626 39.0516724 115.9177801 -7.224 
1661569677.789782762 39.0516694 115.9177646 -7.246 
1661569678.001864194 39.0516663 115.9177491 -7.254 
1661569678.186686992 39.0516633 115.9177338 -7.268 
1661569678.399035453 39.0516605 115.9177187 -7.273 
1661569678.601036548 39.0516577 115.9177036 -7.28 
1661569678.789592027 39.0516548 115.9176887 -7.297 
1661569678.998031377 39.051652 115.9176737 -7.298 
1661569679.182297945 39.0516494 115.917659 -7.304 
1661569679.359421491 39.0516467 115.9176444 -7.329 
1661569679.598264694 39.0516441 115.9176299 -7.339 
1661569679.790154695 39.0516416 115.9176155 -7.344 
1661569679.999037981 39.0516391 115.9176014 -7.367 
1661569680.196221113 39.0516366 115.9175872 -7.377 
1661569680.401894330 39.0516342 115.9175733 -7.39 
1661569680.597684383 39.0516318 115.9175595 -7.39 
1661569680.789605855 39.0516296 115.9175459 -7.404 
1661569680.998318672 39.0516273 115.9175325 -7.42 
1661569681.182214260 39.0516251 115.9175193 -7.428 
1661569681.350412845 39.051623 115.9175063 -7.445 
1661569681.559765338 39.0516209 115.9174936 -7.459 
1661569681.788475751 39.0516189 115.9174811 -7.477 
1661569681.909036636 39.0516169 115.9174688 -7.491 
1661569682.186257123 39.051615 115.9174568 -7.489 
1661569682.315124988 39.0516132 115.917445 -7.507 
1661569682.568949937 39.0516115 115.9174335 -7.52 
1661569682.789155721 39.0516098 115.9174223 -7.539 
1661569682.998417377 39.0516082 115.9174114 -7.554 
1661569683.181702136 39.0516067 115.9174009 -7.565 
1661569683.368008375 39.0516052 115.9173907 -7.575 
1661569683.568432331 39.0516038 115.9173809 -7.597 
1661569683.731320381 39.0516023 115.9173715 -7.612 
1661569683.970442056 39.0516007 115.9173624 -7.608 
1661569684.185838699 39.051599 115.9173538 -7.614 
1661569684.399136304 39.0515973 115.9173455 -7.609 
1661569684.599424839 39.0515953 115.9173376 -7.619 
1661569684.789331674 39.0515933 115.9173301 -7.633 
1661569684.997975826 39.0515909 115.9173227 -7.627 
1661569685.182707548 39.0515883 115.9173156 -7.628 
1661569685.325115919 39.0515855 115.9173088 -7.636 
1661569685.574986696 39.0515824 115.9173022 -7.646 
1661569685.700918436 39.051579 115.9172959 -7.65 
1661569685.922204256 39.0515753 115.9172898 -7.64 
1661569686.196283817 39.0515715 115.917284 -7.639 
1661569686.322074890 39.0515673 115.9172787 -7.644 
1661569686.519772052 39.051563 115.9172736 -7.648 
1661569686.787095308 39.0515585 115.9172686 -7.643 
1661569686.998773813 39.0515538 115.9172641 -7.644 
1661569687.181232690 39.0515489 115.91726 -7.656 
1661569687.344403505 39.0515439 115.917256 -7.66 
1661569687.577950954 39.0515389 115.9172523 -7.669 
1661569687.781270265 39.0515336 115.9172491 -7.67 
1661569687.920758247 39.0515282 115.9172461 -7.692 
1661569688.189762592 39.0515228 115.9172434 -7.706 
1661569688.395385742 39.0515173 115.9172408 -7.715 
1661569688.520128011 39.0515116 115.9172387 -7.721 
1661569688.701460123 39.0515059 115.9172368 -7.738 
1661569689.000185966 39.0515001 115.9172352 -7.756 
1661569689.182696104 39.0514943 115.9172336 -7.761 
1661569689.323521137 39.0514884 115.9172324 -7.768 
1661569689.517528295 39.0514824 115.9172314 -7.776 
1661569689.699813365 39.0514764 115.9172304 -7.782 
1661569689.921188592 39.0514704 115.9172297 -7.79 
1661569690.186266183 39.0514644 115.917229 -7.797 
1661569690.402580261 39.0514583 115.9172285 -7.805 
1661569690.591665744 39.0514523 115.9172281 -7.816 
1661569690.788272619 39.0514463 115.9172277 -7.823 
1661569690.968056201 39.0514402 115.9172275 -7.825 
1661569691.182737588 39.0514342 115.9172274 -7.829 
1661569691.390190362 39.0514282 115.9172273 -7.835 
1661569691.505590200 39.0514223 115.9172273 -7.847 
1661569691.789019107 39.0514164 115.9172275 -7.855 
1661569691.998995780 39.0514107 115.9172277 -7.862 
1661569692.198596239 39.0514049 115.9172281 -7.861 
1661569692.402055025 39.0513994 115.9172287 -7.871 
1661569692.599952697 39.051394 115.9172293 -7.886 
1661569692.789953708 39.0513886 115.91723 -7.89 
1661569692.997175216 39.0513835 115.9172309 -7.899 
1661569693.181013584 39.0513786 115.9172319 -7.909 
1661569693.400801897 39.0513739 115.9172332 -7.927 
1661569693.500045776 39.0513694 115.9172347 -7.927 
1661569693.789005994 39.0513651 115.9172363 -7.934 
1661569693.998333692 39.0513614 115.917238 -7.942 
1661569694.184466361 39.0513579 115.9172395 -7.947 
1661569694.325422286 39.0513548 115.9172411 -7.956 
1661569694.570735692 39.0513516 115.9172428 -7.977 
1661569694.791812181 39.0513486 115.9172443 -7.993 
1661569694.966798305 39.0513459 115.9172462 -8.001 
1661569695.182849168 39.0513436 115.917248 -7.992 
1661569695.400294065 39.0513415 115.9172496 -8.002 
1661569695.509487152 39.0513395 115.9172512 -8.011 
1661569695.789960145 39.0513375 115.9172527 -8.018 
1661569695.998388290 39.0513357 115.9172541 -8.003 
1661569696.187206506 39.0513339 115.9172556 -7.993 
1661569696.400326490 39.0513324 115.9172571 -7.995 
1661569696.598702430 39.051331 115.9172586 -7.997 
1661569696.788102626 39.0513296 115.91726 -8.011 
1661569697.001657962 39.0513282 115.9172616 -8.027 
1661569697.183676719 39.0513269 115.9172635 -8.049 
1661569697.399377107 39.0513258 115.9172659 -8.06 
1661569697.570007562 39.0513246 115.9172683 -8.06 
1661569697.789065361 39.0513236 115.9172708 -8.066 
1661569697.997724056 39.0513227 115.9172734 -8.068 
1661569698.196705579 39.0513221 115.9172761 -8.061 
1661569698.399000644 39.0513214 115.9172787 -8.057 
1661569698.595382690 39.0513209 115.9172814 -8.06 
1661569698.705217838 39.0513207 115.9172842 -8.057 
1661569698.999709367 39.0513205 115.9172872 -8.058 
1661569699.180507183 39.0513204 115.9172903 -8.057 
1661569699.401411771 39.0513205 115.9172935 -8.051 
1661569699.524335145 39.0513209 115.9172967 -8.053 
1661569699.705148935 39.0513213 115.9173001 -8.052 
1661569699.962733745 39.0513218 115.9173039 -8.038 
1661569700.105044364 39.0513225 115.9173078 -8.039 
1661569700.392230749 39.0513232 115.9173119 -8.033 
1661569700.599672555 39.051324 115.9173165 -8.031 
1661569700.701286315 39.0513247 115.9173212 -8.022 
1661569700.919294357 39.0513259 115.9173258 -8.012 
1661569701.180260896 39.0513272 115.9173307 -8.011 
1661569701.397796869 39.0513283 115.9173357 -7.993 
1661569701.519034147 39.0513295 115.9173407 -7.989 
1661569701.783777952 39.0513306 115.9173459 -7.983 
1661569701.923754215 39.0513316 115.9173512 -7.991 
1661569702.185759067 39.0513324 115.9173569 -7.984 
1661569702.399561643 39.0513334 115.9173623 -7.975 
1661569702.597124099 39.0513344 115.9173679 -7.968 
1661569702.785826206 39.0513352 115.9173734 -7.973 
1661569702.997473239 39.051336 115.917379 -7.975 
1661569703.180645704 39.0513366 115.9173845 -7.968 
1661569703.395735979 39.0513374 115.9173899 -7.973 
1661569703.579367876 39.0513378 115.9173952 -7.975 
1661569703.788966894 39.051338 115.9174005 -7.98 
1661569703.997175216 39.0513384 115.9174057 -7.98 
1661569704.194470882 39.0513388 115.9174105 -7.977 
1661569704.380200862 39.051339 115.9174152 -7.963 
1661569704.598821163 39.0513393 115.9174196 -7.982 
1661569704.789857625 39.0513397 115.9174239 -7.966 
1661569704.965130090 39.0513402 115.9174282 -7.968 
1661569705.181295633 39.0513407 115.9174325 -7.96 
1661569705.397003412 39.0513412 115.9174368 -7.954 
1661569705.597386121 39.0513418 115.917441 -7.958 
1661569705.708968162 39.0513424 115.9174453 -7.961 
1661569705.998461723 39.051343 115.9174497 -7.957 
1661569706.110498189 39.0513436 115.917454 -7.944 
1661569706.384685039 39.0513444 115.9174584 -7.944 
1661569706.598235845 39.0513454 115.9174627 -7.947 
1661569706.792399883 39.0513462 115.9174671 -7.946 
1661569706.998896360 39.0513471 115.9174716 -7.953 
1661569707.182561397 39.0513482 115.917476 -7.964 
1661569707.375373840 39.0513494 115.9174805 -7.973 
1661569707.573502540 39.0513505 115.9174851 -7.964 
1661569707.726103544 39.0513518 115.9174897 -7.957 
1661569707.973842620 39.0513531 115.9174941 -7.95 
1661569708.184288024 39.0513543 115.9174985 -7.956 
1661569708.320990800 39.0513555 115.9175029 -7.958 
1661569708.524372577 39.0513567 115.9175071 -7.957 
1661569708.794363498 39.0513581 115.9175113 -7.951 
1661569708.909884214 39.0513593 115.9175155 -7.954 
1661569709.182379007 39.0513605 115.9175198 -7.956 
1661569709.380860567 39.0513617 115.9175242 -7.954 
1661569709.598416328 39.0513629 115.9175286 -7.948 
1661569709.759586334 39.0513642 115.9175332 -7.94 
1661569710.008632659 39.0513653 115.9175378 -7.941 
1661569710.196646451 39.0513665 115.9175425 -7.941 
1661569710.398948431 39.0513679 115.9175473 -7.941 
1661569710.522121906 39.0513692 115.9175523 -7.935 
1661569710.794367551 39.0513703 115.9175575 -7.936 
1661569710.999848127 39.0513716 115.9175629 -7.93 
1661569711.182790756 39.051373 115.9175684 -7.93 
1661569711.402781248 39.0513742 115.9175742 -7.931 
1661569711.597436666 39.0513754 115.9175802 -7.928 
1661569711.745442628 39.0513769 115.9175867 -7.928 
1661569711.973205804 39.0513783 115.9175937 -7.924 
1661569712.189867258 39.0513798 115.9176012 -7.914 
1661569712.393796920 39.0513815 115.9176091 -7.924 
1661569712.568285465 39.0513834 115.9176175 -7.923 
1661569712.795130968 39.0513852 115.9176263 -7.918 
1661569712.998497724 39.0513869 115.9176355 -7.908 
1661569713.181735992 39.051389 115.9176449 -7.896 
1661569713.395789146 39.051391 115.9176544 -7.898 
1661569713.576634168 39.0513932 115.9176642 -7.893 
1661569713.733991861 39.0513953 115.9176742 -7.899 
1661569713.973452568 39.0513974 115.9176845 -7.895 
1661569714.212000608 39.0513996 115.9176951 -7.888 
1661569714.372163295 39.0514019 115.9177057 -7.89 
1661569714.597201585 39.0514041 115.9177168 -7.878 
1661569714.787542104 39.0514063 115.9177279 -7.866 
1661569714.996489763 39.0514085 115.9177392 -7.859 
1661569715.180579900 39.051411 115.9177505 -7.853 
1661569715.319356918 39.0514134 115.917762 -7.836 
1661569715.588899850 39.0514158 115.9177742 -7.824 
1661569715.734172105 39.051418 115.9177858 -7.823 
1661569716.006521701 39.0514204 115.9177975 -7.819 
1661569716.192336082 39.0514228 115.9178088 -7.867 
1661569716.395056962 39.0514249 115.9178205 -7.863 
1661569716.561153650 39.0514272 115.917832 -7.854 
1661569716.786855697 39.0514296 115.9178433 -7.847 
1661569716.996977329 39.0514318 115.9178547 -7.825 
1661569717.181507110 39.051434 115.9178659 -7.832 
1661569717.397425174 39.0514364 115.9178772 -7.828 
1661569717.597057580 39.0514386 115.9178885 -7.827 
1661569717.712659120 39.0514409 115.9178999 -7.823 
1661569717.997770786 39.0514432 115.917911 -7.831 
1661569718.183573007 39.0514453 115.9179223 -7.841 
1661569718.380947828 39.0514475 115.9179337 -7.863 
1661569718.600926876 39.05145 115.9179449 -7.88 
1661569718.788705825 39.0514522 115.9179561 -7.885 
1661569718.964426994 39.0514544 115.9179674 -7.898 
1661569719.178532123 39.0514567 115.9179787 -7.893 
1661569719.321962356 39.0514592 115.9179902 -7.9 
1661569719.567033052 39.0514616 115.9180016 -7.895 
1661569719.700343847 39.0514639 115.9180131 -7.931 
1661569719.972326993 39.0514663 115.9180244 -7.944 
1661569720.179241418 39.0514688 115.9180358 -7.961 
1661569720.397981882 39.0514711 115.918047 -7.99 
1661569720.596154928 39.0514736 115.9180582 -8.013 
1661569720.793281316 39.0514761 115.9180695 -8.055 
1661569720.994822502 39.0514786 115.918081 -8.082 
1661569721.178810358 39.0514813 115.9180923 -8.099 
1661569721.320063114 39.0514836 115.9181037 -8.136 
1661569721.493389129 39.0514862 115.9181151 -8.208 
1661569721.790523290 39.0514889 115.9181263 -8.237 
1661569721.966334104 39.0514916 115.9181377 -8.281 
1661569722.191235303 39.0514942 115.918149 -8.336 
1661569722.319305658 39.0514968 115.9181604 -8.358 
1661569722.517715215 39.0514996 115.9181718 -8.386 
1661569722.696840763 39.0515023 115.9181831 -8.427 
1661569722.919477462 39.0515048 115.9181942 -8.461 
1661569723.181880950 39.0515075 115.9182051 -8.502 
1661569723.398838996 39.0515102 115.9182161 -8.546 
1661569723.596266508 39.0515128 115.918227 -8.583 
1661569723.785023450 39.0515154 115.9182378 -8.627 
1661569723.960494041 39.0515179 115.9182482 -8.642 
1661569724.186275243 39.0515205 115.9182585 -8.673 
1661569724.391204595 39.0515227 115.9182686 -8.736 
1661569724.516530752 39.0515251 115.9182787 -8.784 
1661569724.697334289 39.0515274 115.9182885 -8.809 
1661569724.966543674 39.0515295 115.9182982 -8.837 
1661569725.178429841 39.0515317 115.9183077 -8.869 
1661569725.319583654 39.0515342 115.9183172 -8.901 
1661569725.514133691 39.0515363 115.9183267 -8.929 
1661569725.789049148 39.0515385 115.9183362 -8.971 
1661569725.924257278 39.0515409 115.9183459 -9.02 
1661569726.128011226 39.0515432 115.9183555 -9.047 
1661569726.313300848 39.0515454 115.9183654 -9.072 
1661569726.586644649 39.0515477 115.9183751 -9.102 
1661569726.787609338 39.0515501 115.9183851 -9.156 
1661569726.995218038 39.0515526 115.918395 -9.18 
1661569727.172390222 39.051555 115.9184048 -9.206 
1661569727.409822702 39.0515574 115.918415 -9.226 
1661569727.565895795 39.0515598 115.9184249 -9.29 
1661569727.787140607 39.0515621 115.9184352 -9.318 
1661569727.946308851 39.0515645 115.9184456 -9.334 
1661569728.191202402 39.051567 115.9184558 -9.386 
1661569728.395128488 39.0515694 115.9184662 -9.41 
1661569728.596305370 39.051572 115.9184765 -9.438 
1661569728.787834405 39.0515746 115.9184871 -9.458 
1661569728.995823860 39.0515771 115.9184976 -9.482 
1661569729.176769018 39.0515799 115.9185083 -9.49 
1661569729.370160818 39.0515822 115.9185196 -9.633 
1661569729.595661878 39.0515848 115.9185307 -9.655 
1661569729.702713966 39.0515877 115.9185419 -9.686 
1661569729.989751100 39.0515904 115.9185532 -9.729 
1661569730.180146217 39.0515932 115.9185647 -9.776 
1661569730.380942821 39.0515962 115.9185764 -9.824 
1661569730.595570802 39.0515991 115.9185881 -9.863 
1661569730.786457061 39.0516021 115.9186001 -9.896 
1661569730.994720935 39.0516051 115.918612 -9.946 
1661569731.196161270 39.0516084 115.9186241 -9.981 
1661569731.397053003 39.0516116 115.9186364 -10.022 
1661569731.560739278 39.0516148 115.9186487 -10.052 
1661569731.786564588 39.051618 115.9186612 -10.067 
1661569731.989291191 39.0516214 115.9186734 -10.116 
1661569732.156068563 39.0516248 115.9186858 -10.167 
1661569732.396202564 39.0516282 115.918698 -10.219 
1661569732.599379539 39.0516317 115.9187105 -10.258 
1661569732.707932233 39.0516351 115.9187229 -10.302 
1661569732.998606920 39.0516387 115.9187353 -10.34 
1661569733.172495365 39.0516422 115.9187476 -10.374 
1661569733.372747182 39.0516457 115.9187597 -10.426 
1661569733.597575187 39.0516495 115.9187718 -10.479 
1661569733.695772886 39.0516534 115.918784 -10.531 
1661569733.923545122 39.0516569 115.9187959 -10.554 
1661569734.137015819 39.0516607 115.9188076 -10.603 
1661569734.377289295 39.0516645 115.9188191 -10.661 
1661569734.518578767 39.0516683 115.9188306 -10.705 
1661569734.790511608 39.051672 115.9188418 -10.751 
1661569734.906957626 39.0516759 115.9188524 -10.777 
1661569735.172336101 39.0516799 115.9188628 -10.833 
1661569735.352525472 39.0516835 115.9188732 -10.859 
1661569735.575476408 39.0516873 115.9188832 -10.89 
1661569735.700822353 39.0516913 115.9188932 -10.916 
1661569735.950547695 39.0516952 115.9189029 -10.968 
1661569736.098927021 39.0516987 115.9189124 -10.999 
1661569736.379673480 39.0517025 115.9189219 -11.042 
1661569736.528484821 39.0517064 115.9189311 -11.095 
1661569736.726850986 39.0517101 115.9189404 -11.127 
1661569736.965024471 39.0517139 115.9189498 -11.156 
1661569737.195869684 39.0517176 115.918959 -11.208 
1661569737.340071439 39.0517215 115.9189678 -11.178 
1661569737.569370269 39.0517254 115.918977 -11.2 
1661569737.693557262 39.0517293 115.9189851 -11.196 
1661569737.957460403 39.0517333 115.9189925 -11.109 
1661569738.135677337 39.0517361 115.9189999 -11.089 
1661569865.938182830 39.051659 115.9188509 -10.132 
1661569866.144057035 39.0516577 115.9188454 -10.135 
1661569866.344326257 39.0516564 115.9188399 -10.12 
1661569866.539562463 39.0516547 115.9188345 -10.063 
1661569866.750580549 39.0516533 115.918829 -10.087 
1661569866.939109802 39.0516514 115.9188237 -10.064 
1661569867.146329164 39.0516496 115.9188184 -10.048 
1661569867.350009202 39.0516477 115.918813 -10.037 
1661569867.543401718 39.0516456 115.9188076 -10.054 
1661569867.757751464 39.0516444 115.9188018 -10.139 
1661569867.944969415 39.0516432 115.9187957 -10.155 
1661569868.148413419 39.0516417 115.9187899 -10.146 
1661569868.338044881 39.0516401 115.9187839 -10.122 
1661569868.543483495 39.0516386 115.918778 -10.089 
1661569868.765471935 39.0516377 115.9187718 -10.122 
1661569868.956062555 39.0516366 115.9187656 -10.119 
1661569869.145469188 39.0516356 115.9187594 -10.1 
1661569869.346617460 39.0516342 115.9187534 -10.108 
1661569869.549029827 39.0516329 115.9187473 -10.084 
1661569869.690153837 39.0516285 115.918739 -10.249 
1661569869.948544502 39.0516268 115.9187329 -10.23 
1661569870.141021728 39.0516248 115.9187271 -10.22 
1661569870.359222888 39.051623 115.9187211 -10.195 
1661569870.551256179 39.0516214 115.9187149 -10.159 
1661569870.690681457 39.0516197 115.9187088 -10.141 
1661569870.950063943 39.0516178 115.9187028 -10.157 
1661569871.152664661 39.0516161 115.9186967 -10.144 
1661569871.351347208 39.0516146 115.9186904 -10.069 
1661569871.547263860 39.0516129 115.9186843 -10.03 
1661569871.708797216 39.0516112 115.9186782 -10.023 
1661569871.951566934 39.0516096 115.9186722 -10.005 
1661569872.168175697 39.051608 115.9186661 -9.98 
1661569872.355550527 39.0516064 115.91866 -9.959 
1661569872.552785158 39.0516048 115.9186541 -9.942 
1661569872.690461874 39.0516033 115.9186481 -9.928 
1661569872.951349020 39.0516018 115.9186423 -9.904 
1661569873.165591716 39.0516002 115.9186364 -9.892 
1661569873.289934635 39.0515988 115.9186308 -9.87 
1661569873.552260160 39.0515972 115.9186251 -9.884 
1661569873.693489551 39.0515957 115.9186194 -9.875 
1661569873.955342054 39.0515944 115.9186138 -9.84 
1661569874.112457275 39.0515931 115.9186082 -9.814 
1661569874.315940856 39.0515918 115.9186026 -9.797 
1661569874.547929763 39.0515904 115.918597 -9.758 
1661569874.775004148 39.0515892 115.9185916 -9.741 
1661569874.963247537 39.0515878 115.9185863 -9.734 
1661569875.111944675 39.0515865 115.9185809 -9.733 
1661569875.355272054 39.0515854 115.9185753 -9.705 
1661569875.554658651 39.0515841 115.91857 -9.678 
1661569875.691256523 39.0515829 115.9185648 -9.672 
1661569875.950073957 39.0515816 115.9185596 -9.654 
1661569876.112597703 39.0515805 115.9185543 -9.632 
1661569876.354568243 39.0515794 115.9185491 -9.604 
1661569876.553756952 39.0515782 115.918544 -9.587 
1661569876.689988613 39.051577 115.918539 -9.587 
1661569876.958944320 39.0515759 115.9185339 -9.575 
1661569877.119097948 39.0515747 115.918529 -9.561 
1661569877.356710910 39.0515737 115.9185242 -9.538 
1661569877.552444934 39.0515726 115.9185194 -9.511 
1661569877.750730991 39.0515715 115.9185148 -9.529 
1661569877.964620113 39.0515702 115.9185103 -9.539 
1661569878.177237510 39.0515692 115.9185057 -9.542 
1661569878.355661153 39.0515681 115.9185013 -9.53 
1661569878.552740573 39.051567 115.9184969 -9.528 
1661569878.765968084 39.0515662 115.9184926 -9.497 
1661569878.952517986 39.0515653 115.9184884 -9.471 
1661569879.127253293 39.0515644 115.9184842 -9.447 
1661569879.359758615 39.0515634 115.91848 -9.436 
1661569879.553626537 39.0515623 115.9184761 -9.438 
1661569879.692927598 39.0515615 115.918472 -9.424 
1661569879.954813003 39.0515607 115.9184679 -9.393 
1661569880.149040460 39.0515597 115.918464 -9.371 
1661569880.314623832 39.0515587 115.9184601 -9.367 
1661569880.559075117 39.0515579 115.9184563 -9.354 
1661569880.691571235 39.0515569 115.9184522 -9.33 
1661569880.955485105 39.0515559 115.9184481 -9.315 
1661569881.146293401 39.0515549 115.918444 -9.297 
1661569881.345286607 39.051554 115.9184395 -9.29 
1661569881.534464359 39.0515529 115.918435 -9.284 
1661569881.690017223 39.0515518 115.9184302 -9.296 
1661569881.953200817 39.0515505 115.9184254 -9.283 
1661569882.094444990 39.0515494 115.9184201 -9.255 
1661569882.350232601 39.0515482 115.9184146 -9.239 
1661569882.552694082 39.0515468 115.9184091 -9.218 
1661569882.692092418 39.0515454 115.9184033 -9.208 
1661569882.954034090 39.0515441 115.9183973 -9.186 
1661569883.168456077 39.0515425 115.9183912 -9.151 
1661569883.357912778 39.0515413 115.9183852 -9.119 
1661569883.548731088 39.05154 115.9183792 -9.088 
1661569883.692221164 39.0515385 115.9183732 -9.062 
1661569883.953874349 39.0515371 115.9183672 -9.025 
1661569884.178726196 39.051536 115.9183612 -8.985 
1661569884.356166362 39.0515346 115.9183554 -8.951 
1661569884.553848266 39.0515333 115.9183495 -8.92 
1661569884.690198898 39.0515312 115.9183442 -8.987 
1661569884.954147100 39.0515299 115.9183385 -8.966 
1661569885.133880615 39.0515287 115.9183329 -8.94 
1661569885.335217952 39.0515275 115.9183274 -8.91 
1661569885.522361278 39.0515261 115.9183221 -8.893 
1661569885.715290307 39.0515247 115.9183168 -8.872 
1661569885.948634147 39.0515233 115.9183117 -8.856 
1661569886.167864322 39.0515221 115.9183064 -8.849 
1661569886.335930585 39.051521 115.9183013 -8.828 
1661569886.558406114 39.0515198 115.9182964 -8.815 
1661569886.690263748 39.0515186 115.9182915 -8.796 
1661569886.952590942 39.0515174 115.9182867 -8.785 
1661569887.153240680 39.0515162 115.9182818 -8.769 
1661569887.344999313 39.051515 115.9182771 -8.751 
1661569887.554308176 39.051514 115.9182726 -8.726 
1661569887.690290451 39.0515131 115.9182681 -8.698 
1661569887.951166629 39.051512 115.9182637 -8.696 
1661569888.109798431 39.0515109 115.9182594 -8.665 
1661569888.361857652 39.0515099 115.9182551 -8.647 
1661569888.552961111 39.0515089 115.9182509 -8.624 
1661569888.690985918 39.0515079 115.9182468 -8.615 
1661569888.954871654 39.0515067 115.9182426 -8.623 
1661569889.109354734 39.0515058 115.9182385 -8.603 
1661569889.335962295 39.0515048 115.9182345 -8.59 
1661569889.557205915 39.0515039 115.9182306 -8.582 
1661569889.691706180 39.0515029 115.9182268 -8.574 
1661569889.957672357 39.051502 115.918223 -8.57 
1661569890.172129392 39.051501 115.9182193 -8.558 
1661569890.355383157 39.0515001 115.9182156 -8.546 
1661569890.552691459 39.0514991 115.9182118 -8.534 
1661569890.772688150 39.0514983 115.9182081 -8.512 
1661569890.952825784 39.0514975 115.9182042 -8.495 
1661569891.109034776 39.0514965 115.9182004 -8.474 
1661569891.353933334 39.0514954 115.9181965 -8.458 
1661569891.553553581 39.0514945 115.9181924 -8.44 
1661569891.691636085 39.0514936 115.9181881 -8.427 
1661569891.955090284 39.0514925 115.9181836 -8.406 
1661569892.090598583 39.0514913 115.9181789 -8.386 
1661569892.295337677 39.05149 115.9181739 -8.371 
1661569892.554186582 39.0514888 115.9181685 -8.346 
1661569892.690774679 39.0514875 115.9181627 -8.315 
1661569892.932383537 39.0514862 115.9181566 -8.284 
1661569893.166883945 39.0514849 115.9181504 -8.274 
1661569893.356928586 39.0514832 115.9181443 -8.28 
1661569893.552678585 39.0514818 115.9181381 -8.253 
1661569893.774796247 39.0514805 115.918132 -8.246 
1661569893.952362775 39.0514791 115.9181259 -8.236 
1661569894.094539403 39.0514779 115.9181199 -8.201 
1661569894.356427669 39.0514765 115.9181142 -8.178 
1661569894.554362058 39.0514753 115.9181084 -8.164 
1661569894.691065073 39.0514743 115.9181026 -8.134 
1661569894.964967012 39.0514729 115.9180972 -8.117 
1661569895.092992305 39.0514716 115.9180917 -8.108 
1661569895.355455160 39.0514705 115.918086 -8.09 
1661569895.553544521 39.0514694 115.9180805 -8.074 
1661569895.691980838 39.0514683 115.9180751 -8.063 
1661569895.956210374 39.0514673 115.9180698 -8.053 
1661569896.145409584 39.0514661 115.9180646 -8.05 
1661569896.355295658 39.0514648 115.9180595 -8.032 
1661569896.557245492 39.0514638 115.9180545 -8.021 
1661569896.712976455 39.0514629 115.9180492 -8.028 
1661569896.951544046 39.0514618 115.9180441 -8.015 
1661569897.171620845 39.0514606 115.9180389 -8.005 
1661569897.358676671 39.0514596 115.9180337 -7.994 
1661569897.556479215 39.0514584 115.9180285 -7.979 
1661569897.692685842 39.0514573 115.9180234 -7.975 
1661569897.955806016 39.0514562 115.9180182 -7.966 
1661569898.166756629 39.0514554 115.9180131 -7.945 
1661569898.314036130 39.0514543 115.9180079 -7.933 
1661569898.555724859 39.0514532 115.9180027 -7.933 
1661569898.693013429 39.0514521 115.9179975 -7.924 
1661569898.956419467 39.051451 115.9179921 -7.912 
1661569899.094037055 39.0514499 115.9179867 -7.899 
1661569899.358921051 39.0514488 115.9179814 -7.896 
1661569899.557416677 39.0514476 115.917976 -7.902 
1661569899.694715499 39.0514465 115.9179706 -7.904 
1661569899.956978797 39.0514455 115.9179651 -7.897 
1661569900.091146707 39.0514444 115.9179597 -7.904 
1661569900.356973648 39.0514433 115.9179541 -7.9 
1661569900.551532745 39.0514421 115.9179486 -7.892 
1661569900.692117214 39.0514409 115.9179431 -7.889 
1661569900.956558704 39.0514399 115.9179379 -7.885 
1661569901.173177719 39.0514388 115.9179328 -7.863 
1661569901.362934350 39.0514379 115.9179278 -7.851 
1661569901.554165601 39.051437 115.917923 -7.844 
1661569901.716201782 39.051436 115.9179183 -7.85 
1661569901.956424474 39.051435 115.9179136 -7.854 
1661569902.176764488 39.0514341 115.9179092 -7.849 
1661569902.364999771 39.0514332 115.917905 -7.852 
1661569902.552366256 39.0514323 115.917901 -7.855 
1661569902.691311120 39.0514315 115.9178971 -7.856 
1661569902.954022407 39.0514308 115.9178935 -7.85 
1661569903.090922355 39.0514301 115.91789 -7.851 
1661569903.355797529 39.0514294 115.9178864 -7.855 
1661569903.554546117 39.0514287 115.9178828 -7.855 
1661569903.690084934 39.051428 115.9178793 -7.855 
1661569903.906999826 39.0514273 115.9178758 -7.846 
1661569904.091304302 39.0514266 115.9178724 -7.855 
1661569904.313537120 39.0514258 115.9178688 -7.863 
1661569904.553261041 39.051425 115.9178653 -7.864 
1661569904.691256999 39.0514243 115.9178616 -7.869 
1661569904.955166578 39.0514235 115.9178578 -7.873 
1661569905.111050605 39.0514228 115.917854 -7.872 
1661569905.354856729 39.0514219 115.9178502 -7.883 
1661569905.551822662 39.0514211 115.9178463 -7.891 
1661569905.690346717 39.0514203 115.9178424 -7.895 
1661569905.955668210 39.0514195 115.9178383 -7.878 
1661569906.091089963 39.0514186 115.9178341 -7.874 
1661569906.364399671 39.0514176 115.9178299 -7.894 
1661569906.552763462 39.0514168 115.9178257 -7.894 
1661569906.689711809 39.0514159 115.9178212 -7.889 
1661569906.952949523 39.0514151 115.9178166 -7.885 
1661569907.135269403 39.0514142 115.9178121 -7.875 
1661569907.365509986 39.0514132 115.9178076 -7.874 
1661569907.556322813 39.0514124 115.9178038 -7.855 
1661569907.691935062 39.0514116 115.9177991 -7.864 
1661569907.956015110 39.0514105 115.9177941 -7.876 
1661569908.167357444 39.0514093 115.9177895 -7.887 
1661569908.355191946 39.0514084 115.9177846 -7.891 
1661569908.553246736 39.0514077 115.9177795 -7.879 
1661569908.690552234 39.0514068 115.9177746 -7.87 
1661569908.955046415 39.0514057 115.9177694 -7.866 
1661569909.107506990 39.0514048 115.9177645 -7.847 
1661569909.355815172 39.0514041 115.9177597 -7.869 
1661569909.558387994 39.0514031 115.9177549 -7.897 
1661569909.689881563 39.051402 115.9177497 -7.88 
1661569909.961178064 39.0514011 115.9177445 -7.884 
1661569910.094545125 39.0514003 115.9177392 -7.88 
1661569910.313302993 39.0513993 115.9177339 -7.88 
1661569910.548498630 39.0513984 115.9177285 -7.893 
1661569910.779051542 39.0513975 115.9177231 -7.914 
1661569910.953898906 39.0513966 115.9177176 -7.917 
1661569911.168213605 39.0513956 115.917712 -7.922 
1661569911.356267690 39.0513946 115.9177064 -7.914 
1661569911.555018186 39.0513936 115.9177007 -7.911 
1661569911.690343379 39.0513927 115.917695 -7.904 
1661569911.956279993 39.0513917 115.9176892 -7.908 
1661569912.171408653 39.0513908 115.9176835 -7.9 
1661569912.356529951 39.0513898 115.9176777 -7.904 
1661569912.556170701 39.0513887 115.9176719 -7.913 
1661569912.775443792 39.0513878 115.9176662 -7.925 
1661569912.946454524 39.0513869 115.9176605 -7.93 
1661569913.170347929 39.0513858 115.9176549 -7.937 
1661569913.354634761 39.0513849 115.9176493 -7.939 
1661569913.557590961 39.051384 115.9176438 -7.938 
1661569913.691266536 39.051383 115.9176383 -7.938 
1661569913.932440280 39.0513821 115.9176329 -7.938 
1661569914.133152008 39.0513812 115.9176275 -7.94 
1661569914.303760051 39.0513804 115.9176222 -7.949 
1661569914.560044765 39.0513796 115.9176169 -7.949 
1661569914.690741062 39.051379 115.9176117 -7.945 
1661569914.956709384 39.0513786 115.9176066 -7.941 
1661569915.172581434 39.0513783 115.9176015 -7.938 
1661569915.352906703 39.051378 115.9175966 -7.945 
1661569915.565477371 39.0513779 115.9175918 -7.954 
1661569915.690735101 39.051378 115.9175871 -7.944 
1661569915.889972209 39.0513783 115.9175825 -7.947 
1661569916.178475379 39.0513785 115.9175779 -7.95 
1661569916.374385833 39.0513787 115.9175735 -7.947 
1661569916.562862396 39.0513792 115.9175691 -7.941 
1661569916.694862365 39.0513798 115.9175649 -7.934 
1661569916.947563171 39.0513802 115.9175607 -7.935 
1661569917.171844005 39.0513806 115.9175566 -7.932 
1661569917.332061290 39.051381 115.9175528 -7.929 
1661569917.521521091 39.0513813 115.917549 -7.938 
1661569917.697929143 39.0513816 115.9175455 -7.934 
1661569917.912513494 39.0513819 115.9175422 -7.937 
1661569918.176184654 39.0513822 115.917539 -7.941 
1661569918.322726249 39.0513823 115.9175361 -7.944 
1661569918.558596372 39.051382 115.9175335 -7.958 
1661569918.776597976 39.0513818 115.9175312 -7.956 
1661569918.918856143 39.0513818 115.917529 -7.956 
1661569919.115636587 39.0513818 115.9175268 -7.958 
1661569919.364525556 39.0513816 115.9175247 -7.968 
1661569919.543378591 39.0513812 115.9175226 -7.965 
1661569919.698394060 39.0513811 115.9175205 -7.97 
1661569919.941031217 39.0513809 115.9175183 -7.975 
1661569920.186699867 39.0513806 115.917516 -7.978 
1661569920.341072320 39.0513802 115.9175137 -7.984 
1661569920.564767599 39.0513798 115.9175115 -7.982 
1661569920.694087266 39.0513795 115.9175094 -7.989 
1661569920.946769475 39.0513789 115.9175075 -7.981 
1661569921.169910669 39.0513785 115.9175057 -7.987 
1661569921.344890594 39.0513781 115.917504 -7.978 
1661569921.568692922 39.0513778 115.9175025 -7.979 
1661569921.775095701 39.0513774 115.917501 -7.967 
1661569921.908457756 39.0513771 115.9174997 -7.97 
1661569922.179456233 39.0513768 115.9174985 -7.965 
1661569922.294817686 39.0513766 115.9174974 -7.965 
1661569922.512057304 39.0513764 115.9174965 -7.971 
1661569922.693508625 39.0513762 115.9174956 -7.965 
1661569922.917544841 39.0513761 115.917495 -7.972 
1661569923.100248336 39.051376 115.9174944 -7.976 
1661569923.362722158 39.0513758 115.917494 -7.973 
1661569923.512088060 39.0513757 115.9174935 -7.972 
1661569923.693184137 39.0513756 115.9174929 -7.975 
1661569923.915329694 39.0513755 115.9174923 -7.973 
1661569924.164310455 39.0513754 115.9174918 -7.975 
1661569924.313831329 39.0513754 115.9174915 -7.975 
1661569924.517895460 39.0513754 115.9174916 -7.974 
1661569924.693427085 39.0513754 115.9174916 -7.976 
1661569924.963273048 39.0513754 115.9174916 -7.974 
1661569925.174373388 39.0513754 115.9174916 -7.973 
1661569925.315440416 39.0513754 115.9174916 -7.97 
1661569925.511254549 39.0513754 115.9174916 -7.972 
1661569925.781315088 39.0513754 115.9174916 -7.971 
